0
1
129
128
256
384
385
257
258
386
387
259
131
130
2
3
4
132
133
5
6
7
135
134
262
263
391
390
389
261
260
388
516
644
645
517
518
519
647
646
774
775
903
902
901
773
772
900
899
898
770
771
643
515
514
642
641
513
512
640
768
769
897
896
1024
1152
1153
1025
1026
1027
1155
1154
1282
1283
1411
1410
1409
1281
1280
1408
1536
1537
1665
1664
1792
1920
1921
1793
1794
1922
1923
1795
1667
1666
1538
1539
1540
1541
1669
1668
1796
1924
1925
1797
1798
1926
1927
1799
1671
1670
1542
1543
1415
1287
1286
1414
1413
1412
1284
1285
1157
1156
1028
1029
1030
1158
1159
1031
1032
1160
1161
1033
1034
1035
1163
1162
1290
1291
1419
1418
1417
1289
1288
1416
1544
1545
1673
1672
1800
1928
1929
1801
1802
1930
1931
1803
1675
1674
1546
1547
1548
1549
1677
1676
1804
1932
1933
1805
1806
1934
1935
1807
1679
1678
1550
1551
1423
1295
1294
1422
1421
1420
1292
1293
1165
1164
1036
1037
1038
1166
1167
1039
911
910
782
783
655
527
526
654
653
525
524
652
780
781
909
908
907
779
778
906
905
904
776
777
649
648
520
521
522
650
651
523
395
267
266
394
393
392
264
265
137
136
8
9
10
138
139
11
12
13
141
140
268
396
397
269
270
398
399
271
143
142
14
15
16
144
145
17
18
19
147
146
274
275
403
402
401
273
272
400
528
529
657
656
784
912
913
785
786
914
915
787
659
658
530
531
532
533
661
660
788
916
917
789
790
918
919
791
663
662
534
535
407
279
278
406
405
404
276
277
149
148
20
21
22
150
151
23
24
25
153
152
280
408
409
281
282
410
411
283
155
154
26
27
28
156
157
29
30
31
159
158
286
287
415
414
413
285
284
412
540
668
669
541
542
543
671
670
798
799
927
926
925
797
796
924
923
922
794
795
667
539
538
666
665
537
536
664
792
793
921
920
1048
1049
1177
1176
1304
1432
1433
1305
1306
1434
1435
1307
1179
1178
1050
1051
1052
1180
1181
1053
1054
1055
1183
1182
1310
1311
1439
1438
1437
1309
1308
1436
1564
1692
1693
1565
1566
1567
1695
1694
1822
1823
1951
1950
1949
1821
1820
1948
1947
1946
1818
1819
1691
1563
1562
1690
1689
1561
1560
1688
1816
1817
1945
1944
1943
1815
1814
1942
1941
1940
1812
1813
1685
1684
1556
1557
1558
1686
1687
1559
1431
1430
1302
1303
1175
1047
1046
1174
1173
1045
1044
1172
1300
1301
1429
1428
1427
1426
1298
1299
1171
1043
1042
1170
1169
1041
1040
1168
1296
1297
1425
1424
1552
1680
1681
1553
1554
1555
1683
1682
1810
1811
1939
1938
1937
1809
1808
1936
2064
2192
2193
2065
2066
2067
2195
2194
2322
2323
2451
2450
2449
2321
2320
2448
2576
2577
2705
2704
2832
2960
2961
2833
2834
2962
2963
2835
2707
2706
2578
2579
2580
2581
2709
2708
2836
2964
2965
2837
2838
2966
2967
2839
2711
2710
2582
2583
2455
2327
2326
2454
2453
2452
2324
2325
2197
2196
2068
2069
2070
2198
2199
2071
2072
2073
2201
2200
2328
2456
2457
2329
2330
2458
2459
2331
2203
2202
2074
2075
2076
2204
2205
2077
2078
2079
2207
2206
2334
2335
2463
2462
2461
2333
2332
2460
2588
2716
2717
2589
2590
2591
2719
2718
2846
2847
2975
2974
2973
2845
2844
2972
2971
2970
2842
2843
2715
2587
2586
2714
2713
2585
2584
2712
2840
2841
2969
2968
3096
3097
3225
3224
3352
3480
3481
3353
3354
3482
3483
3355
3227
3226
3098
3099
3100
3228
3229
3101
3102
3103
3231
3230
3358
3359
3487
3486
3485
3357
3356
3484
3612
3740
3741
3613
3614
3615
3743
3742
3870
3871
3999
3998
3997
3869
3868
3996
3995
3994
3866
3867
3739
3611
3610
3738
3737
3609
3608
3736
3864
3865
3993
3992
3991
3863
3862
3990
3989
3988
3860
3861
3733
3732
3604
3605
3606
3734
3735
3607
3479
3478
3350
3351
3223
3095
3094
3222
3221
3093
3092
3220
3348
3349
3477
3476
3475
3474
3346
3347
3219
3091
3090
3218
3217
3089
3088
3216
3344
3345
3473
3472
3600
3728
3729
3601
3602
3603
3731
3730
3858
3859
3987
3986
3985
3857
3856
3984
3983
3982
3854
3855
3727
3599
3598
3726
3725
3597
3596
3724
3852
3853
3981
3980
3979
3851
3850
3978
3977
3976
3848
3849
3721
3720
3592
3593
3594
3722
3723
3595
3467
3339
3338
3466
3465
3464
3336
3337
3209
3208
3080
3081
3082
3210
3211
3083
3084
3085
3213
3212
3340
3468
3469
3341
3342
3470
3471
3343
3215
3214
3086
3087
2959
2831
2830
2958
2957
2956
2828
2829
2701
2700
2572
2573
2574
2702
2703
2575
2447
2446
2318
2319
2191
2063
2062
2190
2189
2061
2060
2188
2316
2317
2445
2444
2443
2442
2314
2315
2187
2059
2058
2186
2185
2057
2056
2184
2312
2313
2441
2440
2568
2696
2697
2569
2570
2571
2699
2698
2826
2827
2955
2954
2953
2825
2824
2952
2951
2823
2822
2950
2949
2948
2820
2821
2693
2692
2564
2565
2566
2694
2695
2567
2439
2438
2310
2311
2183
2055
2054
2182
2181
2053
2052
2180
2308
2309
2437
2436
2435
2434
2306
2307
2179
2051
2050
2178
2177
2049
2048
2176
2304
2305
2433
2432
2560
2688
2689
2561
2562
2563
2691
2690
2818
2819
2947
2946
2945
2817
2816
2944
3072
3073
3201
3200
3328
3456
3457
3329
3330
3458
3459
3331
3203
3202
3074
3075
3076
3204
3205
3077
3078
3079
3207
3206
3334
3335
3463
3462
3461
3333
3332
3460
3588
3716
3717
3589
3590
3591
3719
3718
3846
3847
3975
3974
3973
3845
3844
3972
3971
3970
3842
3843
3715
3587
3586
3714
3713
3585
3584
3712
3840
3841
3969
3968
4096
4224
4225
4097
4098
4099
4227
4226
4354
4355
4483
4482
4481
4353
4352
4480
4608
4609
4737
4736
4864
4992
4993
4865
4866
4994
4995
4867
4739
4738
4610
4611
4612
4613
4741
4740
4868
4996
4997
4869
4870
4998
4999
4871
4743
4742
4614
4615
4487
4359
4358
4486
4485
4484
4356
4357
4229
4228
4100
4101
4102
4230
4231
4103
4104
4105
4233
4232
4360
4488
4489
4361
4362
4490
4491
4363
4235
4234
4106
4107
4108
4236
4237
4109
4110
4111
4239
4238
4366
4367
4495
4494
4493
4365
4364
4492
4620
4748
4749
4621
4622
4623
4751
4750
4878
4879
5007
5006
5005
4877
4876
5004
5003
5002
4874
4875
4747
4619
4618
4746
4745
4617
4616
4744
4872
4873
5001
5000
5128
5129
5257
5256
5384
5512
5513
5385
5386
5514
5515
5387
5259
5258
5130
5131
5132
5260
5261
5133
5134
5135
5263
5262
5390
5391
5519
5518
5517
5389
5388
5516
5644
5772
5773
5645
5646
5647
5775
5774
5902
5903
6031
6030
6029
5901
5900
6028
6027
6026
5898
5899
5771
5643
5642
5770
5769
5641
5640
5768
5896
5897
6025
6024
6023
5895
5894
6022
6021
6020
5892
5893
5765
5764
5636
5637
5638
5766
5767
5639
5511
5510
5382
5383
5255
5127
5126
5254
5253
5125
5124
5252
5380
5381
5509
5508
5507
5506
5378
5379
5251
5123
5122
5250
5249
5121
5120
5248
5376
5377
5505
5504
5632
5760
5761
5633
5634
5635
5763
5762
5890
5891
6019
6018
6017
5889
5888
6016
6144
6145
6273
6272
6400
6528
6529
6401
6402
6530
6531
6403
6275
6274
6146
6147
6148
6276
6277
6149
6150
6151
6279
6278
6406
6407
6535
6534
6533
6405
6404
6532
6660
6788
6789
6661
6662
6663
6791
6790
6918
6919
7047
7046
7045
6917
6916
7044
7043
7042
6914
6915
6787
6659
6658
6786
6785
6657
6656
6784
6912
6913
7041
7040
7168
7296
7297
7169
7170
7171
7299
7298
7426
7427
7555
7554
7553
7425
7424
7552
7680
7681
7809
7808
7936
8064
8065
7937
7938
8066
8067
7939
7811
7810
7682
7683
7684
7685
7813
7812
7940
8068
8069
7941
7942
8070
8071
7943
7815
7814
7686
7687
7559
7431
7430
7558
7557
7556
7428
7429
7301
7300
7172
7173
7174
7302
7303
7175
7176
7304
7305
7177
7178
7179
7307
7306
7434
7435
7563
7562
7561
7433
7432
7560
7688
7689
7817
7816
7944
8072
8073
7945
7946
8074
8075
7947
7819
7818
7690
7691
7692
7693
7821
7820
7948
8076
8077
7949
7950
8078
8079
7951
7823
7822
7694
7695
7567
7439
7438
7566
7565
7564
7436
7437
7309
7308
7180
7181
7182
7310
7311
7183
7055
7054
6926
6927
6799
6671
6670
6798
6797
6669
6668
6796
6924
6925
7053
7052
7051
6923
6922
7050
7049
7048
6920
6921
6793
6792
6664
6665
6666
6794
6795
6667
6539
6411
6410
6538
6537
6536
6408
6409
6281
6280
6152
6153
6154
6282
6283
6155
6156
6157
6285
6284
6412
6540
6541
6413
6414
6542
6543
6415
6287
6286
6158
6159
6160
6161
6289
6288
6416
6544
6545
6417
6418
6546
6547
6419
6291
6290
6162
6163
6164
6292
6293
6165
6166
6167
6295
6294
6422
6423
6551
6550
6549
6421
6420
6548
6676
6804
6805
6677
6678
6679
6807
6806
6934
6935
7063
7062
7061
6933
6932
7060
7059
7058
6930
6931
6803
6675
6674
6802
6801
6673
6672
6800
6928
6929
7057
7056
7184
7312
7313
7185
7186
7187
7315
7314
7442
7443
7571
7570
7569
7441
7440
7568
7696
7697
7825
7824
7952
8080
8081
7953
7954
8082
8083
7955
7827
7826
7698
7699
7700
7701
7829
7828
7956
8084
8085
7957
7958
8086
8087
7959
7831
7830
7702
7703
7575
7447
7446
7574
7573
7572
7444
7445
7317
7316
7188
7189
7190
7318
7319
7191
7192
7320
7321
7193
7194
7195
7323
7322
7450
7451
7579
7578
7577
7449
7448
7576
7704
7705
7833
7832
7960
8088
8089
7961
7962
8090
8091
7963
7835
7834
7706
7707
7708
7709
7837
7836
7964
8092
8093
7965
7966
8094
8095
7967
7839
7838
7710
7711
7583
7455
7454
7582
7581
7580
7452
7453
7325
7324
7196
7197
7198
7326
7327
7199
7071
7070
6942
6943
6815
6687
6686
6814
6813
6685
6684
6812
6940
6941
7069
7068
7067
6939
6938
7066
7065
7064
6936
6937
6809
6808
6680
6681
6682
6810
6811
6683
6555
6427
6426
6554
6553
6552
6424
6425
6297
6296
6168
6169
6170
6298
6299
6171
6172
6173
6301
6300
6428
6556
6557
6429
6430
6558
6559
6431
6303
6302
6174
6175
6047
5919
5918
6046
6045
6044
5916
5917
5789
5788
5660
5661
5662
5790
5791
5663
5535
5534
5406
5407
5279
5151
5150
5278
5277
5149
5148
5276
5404
5405
5533
5532
5531
5530
5402
5403
5275
5147
5146
5274
5273
5145
5144
5272
5400
5401
5529
5528
5656
5784
5785
5657
5658
5659
5787
5786
5914
5915
6043
6042
6041
5913
5912
6040
6039
6038
5910
5911
5783
5655
5654
5782
5781
5653
5652
5780
5908
5909
6037
6036
6035
5907
5906
6034
6033
6032
5904
5905
5777
5776
5648
5649
5650
5778
5779
5651
5523
5395
5394
5522
5521
5520
5392
5393
5265
5264
5136
5137
5138
5266
5267
5139
5140
5141
5269
5268
5396
5524
5525
5397
5398
5526
5527
5399
5271
5270
5142
5143
5015
5014
4886
4887
4759
4631
4630
4758
4757
4629
4628
4756
4884
4885
5013
5012
5011
4883
4882
5010
5009
5008
4880
4881
4753
4752
4624
4625
4626
4754
4755
4627
4499
4371
4370
4498
4497
4496
4368
4369
4241
4240
4112
4113
4114
4242
4243
4115
4116
4117
4245
4244
4372
4500
4501
4373
4374
4502
4503
4375
4247
4246
4118
4119
4120
4248
4249
4121
4122
4123
4251
4250
4378
4379
4507
4506
4505
4377
4376
4504
4632
4633
4761
4760
4888
5016
5017
4889
4890
5018
5019
4891
4763
4762
4634
4635
4636
4637
4765
4764
4892
5020
5021
4893
4894
5022
5023
4895
4767
4766
4638
4639
4511
4383
4382
4510
4509
4508
4380
4381
4253
4252
4124
4125
4126
4254
4255
4127
4128
4256
4257
4129
4130
4131
4259
4258
4386
4387
4515
4514
4513
4385
4384
4512
4640
4641
4769
4768
4896
5024
5025
4897
4898
5026
5027
4899
4771
4770
4642
4643
4644
4645
4773
4772
4900
5028
5029
4901
4902
5030
5031
4903
4775
4774
4646
4647
4519
4391
4390
4518
4517
4516
4388
4389
4261
4260
4132
4133
4134
4262
4263
4135
4136
4137
4265
4264
4392
4520
4521
4393
4394
4522
4523
4395
4267
4266
4138
4139
4140
4268
4269
4141
4142
4143
4271
4270
4398
4399
4527
4526
4525
4397
4396
4524
4652
4780
4781
4653
4654
4655
4783
4782
4910
4911
5039
5038
5037
4909
4908
5036
5035
5034
4906
4907
4779
4651
4650
4778
4777
4649
4648
4776
4904
4905
5033
5032
5160
5161
5289
5288
5416
5544
5545
5417
5418
5546
5547
5419
5291
5290
5162
5163
5164
5292
5293
5165
5166
5167
5295
5294
5422
5423
5551
5550
5549
5421
5420
5548
5676
5804
5805
5677
5678
5679
5807
5806
5934
5935
6063
6062
6061
5933
5932
6060
6059
6058
5930
5931
5803
5675
5674
5802
5801
5673
5672
5800
5928
5929
6057
6056
6055
5927
5926
6054
6053
6052
5924
5925
5797
5796
5668
5669
5670
5798
5799
5671
5543
5542
5414
5415
5287
5159
5158
5286
5285
5157
5156
5284
5412
5413
5541
5540
5539
5538
5410
5411
5283
5155
5154
5282
5281
5153
5152
5280
5408
5409
5537
5536
5664
5792
5793
5665
5666
5667
5795
5794
5922
5923
6051
6050
6049
5921
5920
6048
6176
6177
6305
6304
6432
6560
6561
6433
6434
6562
6563
6435
6307
6306
6178
6179
6180
6308
6309
6181
6182
6183
6311
6310
6438
6439
6567
6566
6565
6437
6436
6564
6692
6820
6821
6693
6694
6695
6823
6822
6950
6951
7079
7078
7077
6949
6948
7076
7075
7074
6946
6947
6819
6691
6690
6818
6817
6689
6688
6816
6944
6945
7073
7072
7200
7328
7329
7201
7202
7203
7331
7330
7458
7459
7587
7586
7585
7457
7456
7584
7712
7713
7841
7840
7968
8096
8097
7969
7970
8098
8099
7971
7843
7842
7714
7715
7716
7717
7845
7844
7972
8100
8101
7973
7974
8102
8103
7975
7847
7846
7718
7719
7591
7463
7462
7590
7589
7588
7460
7461
7333
7332
7204
7205
7206
7334
7335
7207
7208
7336
7337
7209
7210
7211
7339
7338
7466
7467
7595
7594
7593
7465
7464
7592
7720
7721
7849
7848
7976
8104
8105
7977
7978
8106
8107
7979
7851
7850
7722
7723
7724
7725
7853
7852
7980
8108
8109
7981
7982
8110
8111
7983
7855
7854
7726
7727
7599
7471
7470
7598
7597
7596
7468
7469
7341
7340
7212
7213
7214
7342
7343
7215
7087
7086
6958
6959
6831
6703
6702
6830
6829
6701
6700
6828
6956
6957
7085
7084
7083
6955
6954
7082
7081
7080
6952
6953
6825
6824
6696
6697
6698
6826
6827
6699
6571
6443
6442
6570
6569
6568
6440
6441
6313
6312
6184
6185
6186
6314
6315
6187
6188
6189
6317
6316
6444
6572
6573
6445
6446
6574
6575
6447
6319
6318
6190
6191
6192
6193
6321
6320
6448
6576
6577
6449
6450
6578
6579
6451
6323
6322
6194
6195
6196
6324
6325
6197
6198
6199
6327
6326
6454
6455
6583
6582
6581
6453
6452
6580
6708
6836
6837
6709
6710
6711
6839
6838
6966
6967
7095
7094
7093
6965
6964
7092
7091
7090
6962
6963
6835
6707
6706
6834
6833
6705
6704
6832
6960
6961
7089
7088
7216
7344
7345
7217
7218
7219
7347
7346
7474
7475
7603
7602
7601
7473
7472
7600
7728
7729
7857
7856
7984
8112
8113
7985
7986
8114
8115
7987
7859
7858
7730
7731
7732
7733
7861
7860
7988
8116
8117
7989
7990
8118
8119
7991
7863
7862
7734
7735
7607
7479
7478
7606
7605
7604
7476
7477
7349
7348
7220
7221
7222
7350
7351
7223
7224
7352
7353
7225
7226
7227
7355
7354
7482
7483
7611
7610
7609
7481
7480
7608
7736
7737
7865
7864
7992
8120
8121
7993
7994
8122
8123
7995
7867
7866
7738
7739
7740
7741
7869
7868
7996
8124
8125
7997
7998
8126
8127
7999
7871
7870
7742
7743
7615
7487
7486
7614
7613
7612
7484
7485
7357
7356
7228
7229
7230
7358
7359
7231
7103
7102
6974
6975
6847
6719
6718
6846
6845
6717
6716
6844
6972
6973
7101
7100
7099
6971
6970
7098
7097
7096
6968
6969
6841
6840
6712
6713
6714
6842
6843
6715
6587
6459
6458
6586
6585
6584
6456
6457
6329
6328
6200
6201
6202
6330
6331
6203
6204
6205
6333
6332
6460
6588
6589
6461
6462
6590
6591
6463
6335
6334
6206
6207
6079
5951
5950
6078
6077
6076
5948
5949
5821
5820
5692
5693
5694
5822
5823
5695
5567
5566
5438
5439
5311
5183
5182
5310
5309
5181
5180
5308
5436
5437
5565
5564
5563
5562
5434
5435
5307
5179
5178
5306
5305
5177
5176
5304
5432
5433
5561
5560
5688
5816
5817
5689
5690
5691
5819
5818
5946
5947
6075
6074
6073
5945
5944
6072
6071
6070
5942
5943
5815
5687
5686
5814
5813
5685
5684
5812
5940
5941
6069
6068
6067
5939
5938
6066
6065
6064
5936
5937
5809
5808
5680
5681
5682
5810
5811
5683
5555
5427
5426
5554
5553
5552
5424
5425
5297
5296
5168
5169
5170
5298
5299
5171
5172
5173
5301
5300
5428
5556
5557
5429
5430
5558
5559
5431
5303
5302
5174
5175
5047
5046
4918
4919
4791
4663
4662
4790
4789
4661
4660
4788
4916
4917
5045
5044
5043
4915
4914
5042
5041
5040
4912
4913
4785
4784
4656
4657
4658
4786
4787
4659
4531
4403
4402
4530
4529
4528
4400
4401
4273
4272
4144
4145
4146
4274
4275
4147
4148
4149
4277
4276
4404
4532
4533
4405
4406
4534
4535
4407
4279
4278
4150
4151
4152
4280
4281
4153
4154
4155
4283
4282
4410
4411
4539
4538
4537
4409
4408
4536
4664
4665
4793
4792
4920
5048
5049
4921
4922
5050
5051
4923
4795
4794
4666
4667
4668
4669
4797
4796
4924
5052
5053
4925
4926
5054
5055
4927
4799
4798
4670
4671
4543
4415
4414
4542
4541
4540
4412
4413
4285
4284
4156
4157
4158
4286
4287
4159
4031
4030
3902
3903
3775
3647
3646
3774
3773
3645
3644
3772
3900
3901
4029
4028
4027
3899
3898
4026
4025
4024
3896
3897
3769
3768
3640
3641
3642
3770
3771
3643
3515
3387
3386
3514
3513
3512
3384
3385
3257
3256
3128
3129
3130
3258
3259
3131
3132
3133
3261
3260
3388
3516
3517
3389
3390
3518
3519
3391
3263
3262
3134
3135
3007
2879
2878
3006
3005
3004
2876
2877
2749
2748
2620
2621
2622
2750
2751
2623
2495
2494
2366
2367
2239
2111
2110
2238
2237
2109
2108
2236
2364
2365
2493
2492
2491
2490
2362
2363
2235
2107
2106
2234
2233
2105
2104
2232
2360
2361
2489
2488
2616
2744
2745
2617
2618
2619
2747
2746
2874
2875
3003
3002
3001
2873
2872
3000
2999
2871
2870
2998
2997
2996
2868
2869
2741
2740
2612
2613
2614
2742
2743
2615
2487
2486
2358
2359
2231
2103
2102
2230
2229
2101
2100
2228
2356
2357
2485
2484
2483
2482
2354
2355
2227
2099
2098
2226
2225
2097
2096
2224
2352
2353
2481
2480
2608
2736
2737
2609
2610
2611
2739
2738
2866
2867
2995
2994
2993
2865
2864
2992
3120
3121
3249
3248
3376
3504
3505
3377
3378
3506
3507
3379
3251
3250
3122
3123
3124
3252
3253
3125
3126
3127
3255
3254
3382
3383
3511
3510
3509
3381
3380
3508
3636
3764
3765
3637
3638
3639
3767
3766
3894
3895
4023
4022
4021
3893
3892
4020
4019
4018
3890
3891
3763
3635
3634
3762
3761
3633
3632
3760
3888
3889
4017
4016
4015
3887
3886
4014
4013
4012
3884
3885
3757
3756
3628
3629
3630
3758
3759
3631
3503
3502
3374
3375
3247
3119
3118
3246
3245
3117
3116
3244
3372
3373
3501
3500
3499
3498
3370
3371
3243
3115
3114
3242
3241
3113
3112
3240
3368
3369
3497
3496
3624
3752
3753
3625
3626
3627
3755
3754
3882
3883
4011
4010
4009
3881
3880
4008
4007
4006
3878
3879
3751
3623
3622
3750
3749
3621
3620
3748
3876
3877
4005
4004
4003
3875
3874
4002
4001
4000
3872
3873
3745
3744
3616
3617
3618
3746
3747
3619
3491
3363
3362
3490
3489
3488
3360
3361
3233
3232
3104
3105
3106
3234
3235
3107
3108
3109
3237
3236
3364
3492
3493
3365
3366
3494
3495
3367
3239
3238
3110
3111
2983
2982
2854
2855
2727
2599
2598
2726
2725
2597
2596
2724
2852
2853
2981
2980
2979
2851
2850
2978
2977
2976
2848
2849
2721
2720
2592
2593
2594
2722
2723
2595
2467
2339
2338
2466
2465
2464
2336
2337
2209
2208
2080
2081
2082
2210
2211
2083
2084
2085
2213
2212
2340
2468
2469
2341
2342
2470
2471
2343
2215
2214
2086
2087
2088
2216
2217
2089
2090
2091
2219
2218
2346
2347
2475
2474
2473
2345
2344
2472
2600
2601
2729
2728
2856
2984
2985
2857
2858
2986
2987
2859
2731
2730
2602
2603
2604
2605
2733
2732
2860
2988
2989
2861
2862
2990
2991
2863
2735
2734
2606
2607
2479
2351
2350
2478
2477
2476
2348
2349
2221
2220
2092
2093
2094
2222
2223
2095
1967
1839
1838
1966
1965
1964
1836
1837
1709
1708
1580
1581
1582
1710
1711
1583
1455
1454
1326
1327
1199
1071
1070
1198
1197
1069
1068
1196
1324
1325
1453
1452
1451
1450
1322
1323
1195
1067
1066
1194
1193
1065
1064
1192
1320
1321
1449
1448
1576
1704
1705
1577
1578
1579
1707
1706
1834
1835
1963
1962
1961
1833
1832
1960
1959
1958
1830
1831
1703
1575
1574
1702
1701
1573
1572
1700
1828
1829
1957
1956
1955
1827
1826
1954
1953
1952
1824
1825
1697
1696
1568
1569
1570
1698
1699
1571
1443
1315
1314
1442
1441
1440
1312
1313
1185
1184
1056
1057
1058
1186
1187
1059
1060
1061
1189
1188
1316
1444
1445
1317
1318
1446
1447
1319
1191
1190
1062
1063
935
934
806
807
679
551
550
678
677
549
548
676
804
805
933
932
931
803
802
930
929
928
800
801
673
672
544
545
546
674
675
547
419
291
290
418
417
416
288
289
161
160
32
33
34
162
163
35
36
37
165
164
292
420
421
293
294
422
423
295
167
166
38
39
40
168
169
41
42
43
171
170
298
299
427
426
425
297
296
424
552
553
681
680
808
936
937
809
810
938
939
811
683
682
554
555
556
557
685
684
812
940
941
813
814
942
943
815
687
686
558
559
431
303
302
430
429
428
300
301
173
172
44
45
46
174
175
47
48
49
177
176
304
432
433
305
306
434
435
307
179
178
50
51
52
180
181
53
54
55
183
182
310
311
439
438
437
309
308
436
564
692
693
565
566
567
695
694
822
823
951
950
949
821
820
948
947
946
818
819
691
563
562
690
689
561
560
688
816
817
945
944
1072
1200
1201
1073
1074
1075
1203
1202
1330
1331
1459
1458
1457
1329
1328
1456
1584
1585
1713
1712
1840
1968
1969
1841
1842
1970
1971
1843
1715
1714
1586
1587
1588
1589
1717
1716
1844
1972
1973
1845
1846
1974
1975
1847
1719
1718
1590
1591
1463
1335
1334
1462
1461
1460
1332
1333
1205
1204
1076
1077
1078
1206
1207
1079
1080
1208
1209
1081
1082
1083
1211
1210
1338
1339
1467
1466
1465
1337
1336
1464
1592
1593
1721
1720
1848
1976
1977
1849
1850
1978
1979
1851
1723
1722
1594
1595
1596
1597
1725
1724
1852
1980
1981
1853
1854
1982
1983
1855
1727
1726
1598
1599
1471
1343
1342
1470
1469
1468
1340
1341
1213
1212
1084
1085
1086
1214
1215
1087
959
958
830
831
703
575
574
702
701
573
572
700
828
829
957
956
955
827
826
954
953
952
824
825
697
696
568
569
570
698
699
571
443
315
314
442
441
440
312
313
185
184
56
57
58
186
187
59
60
61
189
188
316
444
445
317
318
446
447
319
191
190
62
63
64
192
193
65
66
67
195
194
322
323
451
450
449
321
320
448
576
577
705
704
832
960
961
833
834
962
963
835
707
706
578
579
580
581
709
708
836
964
965
837
838
966
967
839
711
710
582
583
455
327
326
454
453
452
324
325
197
196
68
69
70
198
199
71
72
73
201
200
328
456
457
329
330
458
459
331
203
202
74
75
76
204
205
77
78
79
207
206
334
335
463
462
461
333
332
460
588
716
717
589
590
591
719
718
846
847
975
974
973
845
844
972
971
970
842
843
715
587
586
714
713
585
584
712
840
841
969
968
1096
1097
1225
1224
1352
1480
1481
1353
1354
1482
1483
1355
1227
1226
1098
1099
1100
1228
1229
1101
1102
1103
1231
1230
1358
1359
1487
1486
1485
1357
1356
1484
1612
1740
1741
1613
1614
1615
1743
1742
1870
1871
1999
1998
1997
1869
1868
1996
1995
1994
1866
1867
1739
1611
1610
1738
1737
1609
1608
1736
1864
1865
1993
1992
1991
1863
1862
1990
1989
1988
1860
1861
1733
1732
1604
1605
1606
1734
1735
1607
1479
1478
1350
1351
1223
1095
1094
1222
1221
1093
1092
1220
1348
1349
1477
1476
1475
1474
1346
1347
1219
1091
1090
1218
1217
1089
1088
1216
1344
1345
1473
1472
1600
1728
1729
1601
1602
1603
1731
1730
1858
1859
1987
1986
1985
1857
1856
1984
2112
2113
2241
2240
2368
2496
2497
2369
2370
2498
2499
2371
2243
2242
2114
2115
2116
2244
2245
2117
2118
2119
2247
2246
2374
2375
2503
2502
2501
2373
2372
2500
2628
2756
2757
2629
2630
2631
2759
2758
2886
2887
3015
3014
3013
2885
2884
3012
3011
3010
2882
2883
2755
2627
2626
2754
2753
2625
2624
2752
2880
2881
3009
3008
3136
3264
3265
3137
3138
3139
3267
3266
3394
3395
3523
3522
3521
3393
3392
3520
3648
3649
3777
3776
3904
4032
4033
3905
3906
4034
4035
3907
3779
3778
3650
3651
3652
3653
3781
3780
3908
4036
4037
3909
3910
4038
4039
3911
3783
3782
3654
3655
3527
3399
3398
3526
3525
3524
3396
3397
3269
3268
3140
3141
3142
3270
3271
3143
3144
3272
3273
3145
3146
3147
3275
3274
3402
3403
3531
3530
3529
3401
3400
3528
3656
3657
3785
3784
3912
4040
4041
3913
3914
4042
4043
3915
3787
3786
3658
3659
3660
3661
3789
3788
3916
4044
4045
3917
3918
4046
4047
3919
3791
3790
3662
3663
3535
3407
3406
3534
3533
3532
3404
3405
3277
3276
3148
3149
3150
3278
3279
3151
3023
3022
2894
2895
2767
2639
2638
2766
2765
2637
2636
2764
2892
2893
3021
3020
3019
2891
2890
3018
3017
3016
2888
2889
2761
2760
2632
2633
2634
2762
2763
2635
2507
2379
2378
2506
2505
2504
2376
2377
2249
2248
2120
2121
2122
2250
2251
2123
2124
2125
2253
2252
2380
2508
2509
2381
2382
2510
2511
2383
2255
2254
2126
2127
2128
2129
2257
2256
2384
2512
2513
2385
2386
2514
2515
2387
2259
2258
2130
2131
2132
2260
2261
2133
2134
2135
2263
2262
2390
2391
2519
2518
2517
2389
2388
2516
2644
2772
2773
2645
2646
2647
2775
2774
2902
2903
3031
3030
3029
2901
2900
3028
3027
3026
2898
2899
2771
2643
2642
2770
2769
2641
2640
2768
2896
2897
3025
3024
3152
3280
3281
3153
3154
3155
3283
3282
3410
3411
3539
3538
3537
3409
3408
3536
3664
3665
3793
3792
3920
4048
4049
3921
3922
4050
4051
3923
3795
3794
3666
3667
3668
3669
3797
3796
3924
4052
4053
3925
3926
4054
4055
3927
3799
3798
3670
3671
3543
3415
3414
3542
3541
3540
3412
3413
3285
3284
3156
3157
3158
3286
3287
3159
3160
3288
3289
3161
3162
3163
3291
3290
3418
3419
3547
3546
3545
3417
3416
3544
3672
3673
3801
3800
3928
4056
4057
3929
3930
4058
4059
3931
3803
3802
3674
3675
3676
3677
3805
3804
3932
4060
4061
3933
3934
4062
4063
3935
3807
3806
3678
3679
3551
3423
3422
3550
3549
3548
3420
3421
3293
3292
3164
3165
3166
3294
3295
3167
3039
3038
2910
2911
2783
2655
2654
2782
2781
2653
2652
2780
2908
2909
3037
3036
3035
2907
2906
3034
3033
3032
2904
2905
2777
2776
2648
2649
2650
2778
2779
2651
2523
2395
2394
2522
2521
2520
2392
2393
2265
2264
2136
2137
2138
2266
2267
2139
2140
2141
2269
2268
2396
2524
2525
2397
2398
2526
2527
2399
2271
2270
2142
2143
2015
1887
1886
2014
2013
2012
1884
1885
1757
1756
1628
1629
1630
1758
1759
1631
1503
1502
1374
1375
1247
1119
1118
1246
1245
1117
1116
1244
1372
1373
1501
1500
1499
1498
1370
1371
1243
1115
1114
1242
1241
1113
1112
1240
1368
1369
1497
1496
1624
1752
1753
1625
1626
1627
1755
1754
1882
1883
2011
2010
2009
1881
1880
2008
2007
2006
1878
1879
1751
1623
1622
1750
1749
1621
1620
1748
1876
1877
2005
2004
2003
1875
1874
2002
2001
2000
1872
1873
1745
1744
1616
1617
1618
1746
1747
1619
1491
1363
1362
1490
1489
1488
1360
1361
1233
1232
1104
1105
1106
1234
1235
1107
1108
1109
1237
1236
1364
1492
1493
1365
1366
1494
1495
1367
1239
1238
1110
1111
983
982
854
855
727
599
598
726
725
597
596
724
852
853
981
980
979
851
850
978
977
976
848
849
721
720
592
593
594
722
723
595
467
339
338
466
465
464
336
337
209
208
80
81
82
210
211
83
84
85
213
212
340
468
469
341
342
470
471
343
215
214
86
87
88
216
217
89
90
91
219
218
346
347
475
474
473
345
344
472
600
601
729
728
856
984
985
857
858
986
987
859
731
730
602
603
604
605
733
732
860
988
989
861
862
990
991
863
735
734
606
607
479
351
350
478
477
476
348
349
221
220
92
93
94
222
223
95
96
97
225
224
352
480
481
353
354
482
483
355
227
226
98
99
100
228
229
101
102
103
231
230
358
359
487
486
485
357
356
484
612
740
741
613
614
615
743
742
870
871
999
998
997
869
868
996
995
994
866
867
739
611
610
738
737
609
608
736
864
865
993
992
1120
1248
1249
1121
1122
1123
1251
1250
1378
1379
1507
1506
1505
1377
1376
1504
1632
1633
1761
1760
1888
2016
2017
1889
1890
2018
2019
1891
1763
1762
1634
1635
1636
1637
1765
1764
1892
2020
2021
1893
1894
2022
2023
1895
1767
1766
1638
1639
1511
1383
1382
1510
1509
1508
1380
1381
1253
1252
1124
1125
1126
1254
1255
1127
1128
1256
1257
1129
1130
1131
1259
1258
1386
1387
1515
1514
1513
1385
1384
1512
1640
1641
1769
1768
1896
2024
2025
1897
1898
2026
2027
1899
1771
1770
1642
1643
1644
1645
1773
1772
1900
2028
2029
1901
1902
2030
2031
1903
1775
1774
1646
1647
1519
1391
1390
1518
1517
1516
1388
1389
1261
1260
1132
1133
1134
1262
1263
1135
1007
1006
878
879
751
623
622
750
749
621
620
748
876
877
1005
1004
1003
875
874
1002
1001
1000
872
873
745
744
616
617
618
746
747
619
491
363
362
490
489
488
360
361
233
232
104
105
106
234
235
107
108
109
237
236
364
492
493
365
366
494
495
367
239
238
110
111
112
240
241
113
114
115
243
242
370
371
499
498
497
369
368
496
624
625
753
752
880
1008
1009
881
882
1010
1011
883
755
754
626
627
628
629
757
756
884
1012
1013
885
886
1014
1015
887
759
758
630
631
503
375
374
502
501
500
372
373
245
244
116
117
118
246
247
119
120
121
249
248
376
504
505
377
378
506
507
379
251
250
122
123
124
252
253
125
126
127
255
254
382
383
511
510
509
381
380
508
636
764
765
637
638
639
767
766
894
895
1023
1022
1021
893
892
1020
1019
1018
890
891
763
635
634
762
761
633
632
760
888
889
1017
1016
1144
1145
1273
1272
1400
1528
1529
1401
1402
1530
1531
1403
1275
1274
1146
1147
1148
1276
1277
1149
1150
1151
1279
1278
1406
1407
1535
1534
1533
1405
1404
1532
1660
1788
1789
1661
1662
1663
1791
1790
1918
1919
2047
2046
2045
1917
1916
2044
2043
2042
1914
1915
1787
1659
1658
1786
1785
1657
1656
1784
1912
1913
2041
2040
2039
1911
1910
2038
2037
2036
1908
1909
1781
1780
1652
1653
1654
1782
1783
1655
1527
1526
1398
1399
1271
1143
1142
1270
1269
1141
1140
1268
1396
1397
1525
1524
1523
1522
1394
1395
1267
1139
1138
1266
1265
1137
1136
1264
1392
1393
1521
1520
1648
1776
1777
1649
1650
1651
1779
1778
1906
1907
2035
2034
2033
1905
1904
2032
2160
2288
2289
2161
2162
2163
2291
2290
2418
2419
2547
2546
2545
2417
2416
2544
2672
2673
2801
2800
2928
3056
3057
2929
2930
3058
3059
2931
2803
2802
2674
2675
2676
2677
2805
2804
2932
3060
3061
2933
2934
3062
3063
2935
2807
2806
2678
2679
2551
2423
2422
2550
2549
2548
2420
2421
2293
2292
2164
2165
2166
2294
2295
2167
2168
2169
2297
2296
2424
2552
2553
2425
2426
2554
2555
2427
2299
2298
2170
2171
2172
2300
2301
2173
2174
2175
2303
2302
2430
2431
2559
2558
2557
2429
2428
2556
2684
2812
2813
2685
2686
2687
2815
2814
2942
2943
3071
3070
3069
2941
2940
3068
3067
3066
2938
2939
2811
2683
2682
2810
2809
2681
2680
2808
2936
2937
3065
3064
3192
3193
3321
3320
3448
3576
3577
3449
3450
3578
3579
3451
3323
3322
3194
3195
3196
3324
3325
3197
3198
3199
3327
3326
3454
3455
3583
3582
3581
3453
3452
3580
3708
3836
3837
3709
3710
3711
3839
3838
3966
3967
4095
4094
4093
3965
3964
4092
4091
4090
3962
3963
3835
3707
3706
3834
3833
3705
3704
3832
3960
3961
4089
4088
4087
3959
3958
4086
4085
4084
3956
3957
3829
3828
3700
3701
3702
3830
3831
3703
3575
3574
3446
3447
3319
3191
3190
3318
3317
3189
3188
3316
3444
3445
3573
3572
3571
3570
3442
3443
3315
3187
3186
3314
3313
3185
3184
3312
3440
3441
3569
3568
3696
3824
3825
3697
3698
3699
3827
3826
3954
3955
4083
4082
4081
3953
3952
4080
4079
4078
3950
3951
3823
3695
3694
3822
3821
3693
3692
3820
3948
3949
4077
4076
4075
3947
3946
4074
4073
4072
3944
3945
3817
3816
3688
3689
3690
3818
3819
3691
3563
3435
3434
3562
3561
3560
3432
3433
3305
3304
3176
3177
3178
3306
3307
3179
3180
3181
3309
3308
3436
3564
3565
3437
3438
3566
3567
3439
3311
3310
3182
3183
3055
2927
2926
3054
3053
3052
2924
2925
2797
2796
2668
2669
2670
2798
2799
2671
2543
2542
2414
2415
2287
2159
2158
2286
2285
2157
2156
2284
2412
2413
2541
2540
2539
2538
2410
2411
2283
2155
2154
2282
2281
2153
2152
2280
2408
2409
2537
2536
2664
2792
2793
2665
2666
2667
2795
2794
2922
2923
3051
3050
3049
2921
2920
3048
3047
2919
2918
3046
3045
3044
2916
2917
2789
2788
2660
2661
2662
2790
2791
2663
2535
2534
2406
2407
2279
2151
2150
2278
2277
2149
2148
2276
2404
2405
2533
2532
2531
2530
2402
2403
2275
2147
2146
2274
2273
2145
2144
2272
2400
2401
2529
2528
2656
2784
2785
2657
2658
2659
2787
2786
2914
2915
3043
3042
3041
2913
2912
3040
3168
3169
3297
3296
3424
3552
3553
3425
3426
3554
3555
3427
3299
3298
3170
3171
3172
3300
3301
3173
3174
3175
3303
3302
3430
3431
3559
3558
3557
3429
3428
3556
3684
3812
3813
3685
3686
3687
3815
3814
3942
3943
4071
4070
4069
3941
3940
4068
4067
4066
3938
3939
3811
3683
3682
3810
3809
3681
3680
3808
3936
3937
4065
4064
4192
4193
4321
4320
4448
4576
4577
4449
4450
4578
4579
4451
4323
4322
4194
4195
4196
4324
4325
4197
4198
4199
4327
4326
4454
4455
4583
4582
4581
4453
4452
4580
4708
4836
4837
4709
4710
4711
4839
4838
4966
4967
5095
5094
5093
4965
4964
5092
5091
5090
4962
4963
4835
4707
4706
4834
4833
4705
4704
4832
4960
4961
5089
5088
5216
5344
5345
5217
5218
5219
5347
5346
5474
5475
5603
5602
5601
5473
5472
5600
5728
5729
5857
5856
5984
6112
6113
5985
5986
6114
6115
5987
5859
5858
5730
5731
5732
5733
5861
5860
5988
6116
6117
5989
5990
6118
6119
5991
5863
5862
5734
5735
5607
5479
5478
5606
5605
5604
5476
5477
5349
5348
5220
5221
5222
5350
5351
5223
5224
5352
5353
5225
5226
5227
5355
5354
5482
5483
5611
5610
5609
5481
5480
5608
5736
5737
5865
5864
5992
6120
6121
5993
5994
6122
6123
5995
5867
5866
5738
5739
5740
5741
5869
5868
5996
6124
6125
5997
5998
6126
6127
5999
5871
5870
5742
5743
5615
5487
5486
5614
5613
5612
5484
5485
5357
5356
5228
5229
5230
5358
5359
5231
5103
5102
4974
4975
4847
4719
4718
4846
4845
4717
4716
4844
4972
4973
5101
5100
5099
4971
4970
5098
5097
5096
4968
4969
4841
4840
4712
4713
4714
4842
4843
4715
4587
4459
4458
4586
4585
4584
4456
4457
4329
4328
4200
4201
4202
4330
4331
4203
4204
4205
4333
4332
4460
4588
4589
4461
4462
4590
4591
4463
4335
4334
4206
4207
4208
4336
4337
4209
4210
4211
4339
4338
4466
4467
4595
4594
4593
4465
4464
4592
4720
4721
4849
4848
4976
5104
5105
4977
4978
5106
5107
4979
4851
4850
4722
4723
4724
4725
4853
4852
4980
5108
5109
4981
4982
5110
5111
4983
4855
4854
4726
4727
4599
4471
4470
4598
4597
4596
4468
4469
4341
4340
4212
4213
4214
4342
4343
4215
4216
4217
4345
4344
4472
4600
4601
4473
4474
4602
4603
4475
4347
4346
4218
4219
4220
4348
4349
4221
4222
4223
4351
4350
4478
4479
4607
4606
4605
4477
4476
4604
4732
4860
4861
4733
4734
4735
4863
4862
4990
4991
5119
5118
5117
4989
4988
5116
5115
5114
4986
4987
4859
4731
4730
4858
4857
4729
4728
4856
4984
4985
5113
5112
5240
5241
5369
5368
5496
5624
5625
5497
5498
5626
5627
5499
5371
5370
5242
5243
5244
5372
5373
5245
5246
5247
5375
5374
5502
5503
5631
5630
5629
5501
5500
5628
5756
5884
5885
5757
5758
5759
5887
5886
6014
6015
6143
6142
6141
6013
6012
6140
6139
6138
6010
6011
5883
5755
5754
5882
5881
5753
5752
5880
6008
6009
6137
6136
6135
6007
6006
6134
6133
6132
6004
6005
5877
5876
5748
5749
5750
5878
5879
5751
5623
5622
5494
5495
5367
5239
5238
5366
5365
5237
5236
5364
5492
5493
5621
5620
5619
5618
5490
5491
5363
5235
5234
5362
5361
5233
5232
5360
5488
5489
5617
5616
5744
5872
5873
5745
5746
5747
5875
5874
6002
6003
6131
6130
6129
6001
6000
6128
6256
6384
6385
6257
6258
6259
6387
6386
6514
6515
6643
6642
6641
6513
6512
6640
6768
6769
6897
6896
7024
7152
7153
7025
7026
7154
7155
7027
6899
6898
6770
6771
6772
6773
6901
6900
7028
7156
7157
7029
7030
7158
7159
7031
6903
6902
6774
6775
6647
6519
6518
6646
6645
6644
6516
6517
6389
6388
6260
6261
6262
6390
6391
6263
6264
6265
6393
6392
6520
6648
6649
6521
6522
6650
6651
6523
6395
6394
6266
6267
6268
6396
6397
6269
6270
6271
6399
6398
6526
6527
6655
6654
6653
6525
6524
6652
6780
6908
6909
6781
6782
6783
6911
6910
7038
7039
7167
7166
7165
7037
7036
7164
7163
7162
7034
7035
6907
6779
6778
6906
6905
6777
6776
6904
7032
7033
7161
7160
7288
7289
7417
7416
7544
7672
7673
7545
7546
7674
7675
7547
7419
7418
7290
7291
7292
7420
7421
7293
7294
7295
7423
7422
7550
7551
7679
7678
7677
7549
7548
7676
7804
7932
7933
7805
7806
7807
7935
7934
8062
8063
8191
8190
8189
8061
8060
8188
8187
8186
8058
8059
7931
7803
7802
7930
7929
7801
7800
7928
8056
8057
8185
8184
8183
8055
8054
8182
8181
8180
8052
8053
7925
7924
7796
7797
7798
7926
7927
7799
7671
7670
7542
7543
7415
7287
7286
7414
7413
7285
7284
7412
7540
7541
7669
7668
7667
7666
7538
7539
7411
7283
7282
7410
7409
7281
7280
7408
7536
7537
7665
7664
7792
7920
7921
7793
7794
7795
7923
7922
8050
8051
8179
8178
8177
8049
8048
8176
8175
8174
8046
8047
7919
7791
7790
7918
7917
7789
7788
7916
8044
8045
8173
8172
8171
8043
8042
8170
8169
8168
8040
8041
7913
7912
7784
7785
7786
7914
7915
7787
7659
7531
7530
7658
7657
7656
7528
7529
7401
7400
7272
7273
7274
7402
7403
7275
7276
7277
7405
7404
7532
7660
7661
7533
7534
7662
7663
7535
7407
7406
7278
7279
7151
7023
7022
7150
7149
7148
7020
7021
6893
6892
6764
6765
6766
6894
6895
6767
6639
6638
6510
6511
6383
6255
6254
6382
6381
6253
6252
6380
6508
6509
6637
6636
6635
6634
6506
6507
6379
6251
6250
6378
6377
6249
6248
6376
6504
6505
6633
6632
6760
6888
6889
6761
6762
6763
6891
6890
7018
7019
7147
7146
7145
7017
7016
7144
7143
7015
7014
7142
7141
7140
7012
7013
6885
6884
6756
6757
6758
6886
6887
6759
6631
6630
6502
6503
6375
6247
6246
6374
6373
6245
6244
6372
6500
6501
6629
6628
6627
6626
6498
6499
6371
6243
6242
6370
6369
6241
6240
6368
6496
6497
6625
6624
6752
6880
6881
6753
6754
6755
6883
6882
7010
7011
7139
7138
7137
7009
7008
7136
7264
7265
7393
7392
7520
7648
7649
7521
7522
7650
7651
7523
7395
7394
7266
7267
7268
7396
7397
7269
7270
7271
7399
7398
7526
7527
7655
7654
7653
7525
7524
7652
7780
7908
7909
7781
7782
7783
7911
7910
8038
8039
8167
8166
8165
8037
8036
8164
8163
8162
8034
8035
7907
7779
7778
7906
7905
7777
7776
7904
8032
8033
8161
8160
8159
8031
8030
8158
8157
8156
8028
8029
7901
7900
7772
7773
7774
7902
7903
7775
7647
7646
7518
7519
7391
7263
7262
7390
7389
7261
7260
7388
7516
7517
7645
7644
7643
7642
7514
7515
7387
7259
7258
7386
7385
7257
7256
7384
7512
7513
7641
7640
7768
7896
7897
7769
7770
7771
7899
7898
8026
8027
8155
8154
8153
8025
8024
8152
8151
8150
8022
8023
7895
7767
7766
7894
7893
7765
7764
7892
8020
8021
8149
8148
8147
8019
8018
8146
8145
8144
8016
8017
7889
7888
7760
7761
7762
7890
7891
7763
7635
7507
7506
7634
7633
7632
7504
7505
7377
7376
7248
7249
7250
7378
7379
7251
7252
7253
7381
7380
7508
7636
7637
7509
7510
7638
7639
7511
7383
7382
7254
7255
7127
7126
6998
6999
6871
6743
6742
6870
6869
6741
6740
6868
6996
6997
7125
7124
7123
6995
6994
7122
7121
7120
6992
6993
6865
6864
6736
6737
6738
6866
6867
6739
6611
6483
6482
6610
6609
6608
6480
6481
6353
6352
6224
6225
6226
6354
6355
6227
6228
6229
6357
6356
6484
6612
6613
6485
6486
6614
6615
6487
6359
6358
6230
6231
6232
6360
6361
6233
6234
6235
6363
6362
6490
6491
6619
6618
6617
6489
6488
6616
6744
6745
6873
6872
7000
7128
7129
7001
7002
7130
7131
7003
6875
6874
6746
6747
6748
6749
6877
6876
7004
7132
7133
7005
7006
7134
7135
7007
6879
6878
6750
6751
6623
6495
6494
6622
6621
6620
6492
6493
6365
6364
6236
6237
6238
6366
6367
6239
6111
6110
5982
5983
5855
5727
5726
5854
5853
5725
5724
5852
5980
5981
6109
6108
6107
5979
5978
6106
6105
6104
5976
5977
5849
5848
5720
5721
5722
5850
5851
5723
5595
5467
5466
5594
5593
5592
5464
5465
5337
5336
5208
5209
5210
5338
5339
5211
5212
5213
5341
5340
5468
5596
5597
5469
5470
5598
5599
5471
5343
5342
5214
5215
5087
4959
4958
5086
5085
5084
4956
4957
4829
4828
4700
4701
4702
4830
4831
4703
4575
4574
4446
4447
4319
4191
4190
4318
4317
4189
4188
4316
4444
4445
4573
4572
4571
4570
4442
4443
4315
4187
4186
4314
4313
4185
4184
4312
4440
4441
4569
4568
4696
4824
4825
4697
4698
4699
4827
4826
4954
4955
5083
5082
5081
4953
4952
5080
5079
4951
4950
5078
5077
5076
4948
4949
4821
4820
4692
4693
4694
4822
4823
4695
4567
4566
4438
4439
4311
4183
4182
4310
4309
4181
4180
4308
4436
4437
4565
4564
4563
4562
4434
4435
4307
4179
4178
4306
4305
4177
4176
4304
4432
4433
4561
4560
4688
4816
4817
4689
4690
4691
4819
4818
4946
4947
5075
5074
5073
4945
4944
5072
5200
5201
5329
5328
5456
5584
5585
5457
5458
5586
5587
5459
5331
5330
5202
5203
5204
5332
5333
5205
5206
5207
5335
5334
5462
5463
5591
5590
5589
5461
5460
5588
5716
5844
5845
5717
5718
5719
5847
5846
5974
5975
6103
6102
6101
5973
5972
6100
6099
6098
5970
5971
5843
5715
5714
5842
5841
5713
5712
5840
5968
5969
6097
6096
6095
6094
5966
5967
5839
5711
5710
5838
5837
5709
5708
5836
5964
5965
6093
6092
6091
5963
5962
6090
6089
6088
5960
5961
5833
5832
5704
5705
5706
5834
5835
5707
5579
5451
5450
5578
5577
5576
5448
5449
5321
5320
5192
5193
5194
5322
5323
5195
5196
5197
5325
5324
5452
5580
5581
5453
5454
5582
5583
5455
5327
5326
5198
5199
5071
4943
4942
5070
5069
5068
4940
4941
4813
4812
4684
4685
4686
4814
4815
4687
4559
4558
4430
4431
4303
4175
4174
4302
4301
4173
4172
4300
4428
4429
4557
4556
4555
4554
4426
4427
4299
4171
4170
4298
4297
4169
4168
4296
4424
4425
4553
4552
4680
4808
4809
4681
4682
4683
4811
4810
4938
4939
5067
5066
5065
4937
4936
5064
5063
4935
4934
5062
5061
5060
4932
4933
4805
4804
4676
4677
4678
4806
4807
4679
4551
4550
4422
4423
4295
4167
4166
4294
4293
4165
4164
4292
4420
4421
4549
4548
4547
4546
4418
4419
4291
4163
4162
4290
4289
4161
4160
4288
4416
4417
4545
4544
4672
4800
4801
4673
4674
4675
4803
4802
4930
4931
5059
5058
5057
4929
4928
5056
5184
5185
5313
5312
5440
5568
5569
5441
5442
5570
5571
5443
5315
5314
5186
5187
5188
5316
5317
5189
5190
5191
5319
5318
5446
5447
5575
5574
5573
5445
5444
5572
5700
5828
5829
5701
5702
5703
5831
5830
5958
5959
6087
6086
6085
5957
5956
6084
6083
6082
5954
5955
5827
5699
5698
5826
5825
5697
5696
5824
5952
5953
6081
6080
6208
6336
6337
6209
6210
6211
6339
6338
6466
6467
6595
6594
6593
6465
6464
6592
6720
6721
6849
6848
6976
7104
7105
6977
6978
7106
7107
6979
6851
6850
6722
6723
6724
6725
6853
6852
6980
7108
7109
6981
6982
7110
7111
6983
6855
6854
6726
6727
6599
6471
6470
6598
6597
6596
6468
6469
6341
6340
6212
6213
6214
6342
6343
6215
6216
6217
6345
6344
6472
6600
6601
6473
6474
6602
6603
6475
6347
6346
6218
6219
6220
6348
6349
6221
6222
6223
6351
6350
6478
6479
6607
6606
6605
6477
6476
6604
6732
6860
6861
6733
6734
6735
6863
6862
6990
6991
7119
7118
7117
6989
6988
7116
7115
7114
6986
6987
6859
6731
6730
6858
6857
6729
6728
6856
6984
6985
7113
7112
7240
7241
7369
7368
7496
7624
7625
7497
7498
7626
7627
7499
7371
7370
7242
7243
7244
7372
7373
7245
7246
7247
7375
7374
7502
7503
7631
7630
7629
7501
7500
7628
7756
7884
7885
7757
7758
7759
7887
7886
8014
8015
8143
8142
8141
8013
8012
8140
8139
8138
8010
8011
7883
7755
7754
7882
7881
7753
7752
7880
8008
8009
8137
8136
8135
8007
8006
8134
8133
8132
8004
8005
7877
7876
7748
7749
7750
7878
7879
7751
7623
7622
7494
7495
7367
7239
7238
7366
7365
7237
7236
7364
7492
7493
7621
7620
7619
7618
7490
7491
7363
7235
7234
7362
7361
7233
7232
7360
7488
7489
7617
7616
7744
7872
7873
7745
7746
7747
7875
7874
8002
8003
8131
8130
8129
8001
8000
8128
8256
8384
8385
8257
8258
8259
8387
8386
8514
8515
8643
8642
8641
8513
8512
8640
8768
8769
8897
8896
9024
9152
9153
9025
9026
9154
9155
9027
8899
8898
8770
8771
8772
8773
8901
8900
9028
9156
9157
9029
9030
9158
9159
9031
8903
8902
8774
8775
8647
8519
8518
8646
8645
8644
8516
8517
8389
8388
8260
8261
8262
8390
8391
8263
8264
8265
8393
8392
8520
8648
8649
8521
8522
8650
8651
8523
8395
8394
8266
8267
8268
8396
8397
8269
8270
8271
8399
8398
8526
8527
8655
8654
8653
8525
8524
8652
8780
8908
8909
8781
8782
8783
8911
8910
9038
9039
9167
9166
9165
9037
9036
9164
9163
9162
9034
9035
8907
8779
8778
8906
8905
8777
8776
8904
9032
9033
9161
9160
9288
9289
9417
9416
9544
9672
9673
9545
9546
9674
9675
9547
9419
9418
9290
9291
9292
9420
9421
9293
9294
9295
9423
9422
9550
9551
9679
9678
9677
9549
9548
9676
9804
9932
9933
9805
9806
9807
9935
9934
10062
10063
10191
10190
10189
10061
10060
10188
10187
10186
10058
10059
9931
9803
9802
9930
9929
9801
9800
9928
10056
10057
10185
10184
10183
10055
10054
10182
10181
10180
10052
10053
9925
9924
9796
9797
9798
9926
9927
9799
9671
9670
9542
9543
9415
9287
9286
9414
9413
9285
9284
9412
9540
9541
9669
9668
9667
9666
9538
9539
9411
9283
9282
9410
9409
9281
9280
9408
9536
9537
9665
9664
9792
9920
9921
9793
9794
9795
9923
9922
10050
10051
10179
10178
10177
10049
10048
10176
10304
10305
10433
10432
10560
10688
10689
10561
10562
10690
10691
10563
10435
10434
10306
10307
10308
10436
10437
10309
10310
10311
10439
10438
10566
10567
10695
10694
10693
10565
10564
10692
10820
10948
10949
10821
10822
10823
10951
10950
11078
11079
11207
11206
11205
11077
11076
11204
11203
11202
11074
11075
10947
10819
10818
10946
10945
10817
10816
10944
11072
11073
11201
11200
11328
11456
11457
11329
11330
11331
11459
11458
11586
11587
11715
11714
11713
11585
11584
11712
11840
11841
11969
11968
12096
12224
12225
12097
12098
12226
12227
12099
11971
11970
11842
11843
11844
11845
11973
11972
12100
12228
12229
12101
12102
12230
12231
12103
11975
11974
11846
11847
11719
11591
11590
11718
11717
11716
11588
11589
11461
11460
11332
11333
11334
11462
11463
11335
11336
11464
11465
11337
11338
11339
11467
11466
11594
11595
11723
11722
11721
11593
11592
11720
11848
11849
11977
11976
12104
12232
12233
12105
12106
12234
12235
12107
11979
11978
11850
11851
11852
11853
11981
11980
12108
12236
12237
12109
12110
12238
12239
12111
11983
11982
11854
11855
11727
11599
11598
11726
11725
11724
11596
11597
11469
11468
11340
11341
11342
11470
11471
11343
11215
11214
11086
11087
10959
10831
10830
10958
10957
10829
10828
10956
11084
11085
11213
11212
11211
11083
11082
11210
11209
11208
11080
11081
10953
10952
10824
10825
10826
10954
10955
10827
10699
10571
10570
10698
10697
10696
10568
10569
10441
10440
10312
10313
10314
10442
10443
10315
10316
10317
10445
10444
10572
10700
10701
10573
10574
10702
10703
10575
10447
10446
10318
10319
10320
10321
10449
10448
10576
10704
10705
10577
10578
10706
10707
10579
10451
10450
10322
10323
10324
10452
10453
10325
10326
10327
10455
10454
10582
10583
10711
10710
10709
10581
10580
10708
10836
10964
10965
10837
10838
10839
10967
10966
11094
11095
11223
11222
11221
11093
11092
11220
11219
11218
11090
11091
10963
10835
10834
10962
10961
10833
10832
10960
11088
11089
11217
11216
11344
11472
11473
11345
11346
11347
11475
11474
11602
11603
11731
11730
11729
11601
11600
11728
11856
11857
11985
11984
12112
12240
12241
12113
12114
12242
12243
12115
11987
11986
11858
11859
11860
11861
11989
11988
12116
12244
12245
12117
12118
12246
12247
12119
11991
11990
11862
11863
11735
11607
11606
11734
11733
11732
11604
11605
11477
11476
11348
11349
11350
11478
11479
11351
11352
11480
11481
11353
11354
11355
11483
11482
11610
11611
11739
11738
11737
11609
11608
11736
11864
11865
11993
11992
12120
12248
12249
12121
12122
12250
12251
12123
11995
11994
11866
11867
11868
11869
11997
11996
12124
12252
12253
12125
12126
12254
12255
12127
11999
11998
11870
11871
11743
11615
11614
11742
11741
11740
11612
11613
11485
11484
11356
11357
11358
11486
11487
11359
11231
11230
11102
11103
10975
10847
10846
10974
10973
10845
10844
10972
11100
11101
11229
11228
11227
11099
11098
11226
11225
11224
11096
11097
10969
10968
10840
10841
10842
10970
10971
10843
10715
10587
10586
10714
10713
10712
10584
10585
10457
10456
10328
10329
10330
10458
10459
10331
10332
10333
10461
10460
10588
10716
10717
10589
10590
10718
10719
10591
10463
10462
10334
10335
10207
10079
10078
10206
10205
10204
10076
10077
9949
9948
9820
9821
9822
9950
9951
9823
9695
9694
9566
9567
9439
9311
9310
9438
9437
9309
9308
9436
9564
9565
9693
9692
9691
9690
9562
9563
9435
9307
9306
9434
9433
9305
9304
9432
9560
9561
9689
9688
9816
9944
9945
9817
9818
9819
9947
9946
10074
10075
10203
10202
10201
10073
10072
10200
10199
10198
10070
10071
9943
9815
9814
9942
9941
9813
9812
9940
10068
10069
10197
10196
10195
10067
10066
10194
10193
10192
10064
10065
9937
9936
9808
9809
9810
9938
9939
9811
9683
9555
9554
9682
9681
9680
9552
9553
9425
9424
9296
9297
9298
9426
9427
9299
9300
9301
9429
9428
9556
9684
9685
9557
9558
9686
9687
9559
9431
9430
9302
9303
9175
9174
9046
9047
8919
8791
8790
8918
8917
8789
8788
8916
9044
9045
9173
9172
9171
9043
9042
9170
9169
9168
9040
9041
8913
8912
8784
8785
8786
8914
8915
8787
8659
8531
8530
8658
8657
8656
8528
8529
8401
8400
8272
8273
8274
8402
8403
8275
8276
8277
8405
8404
8532
8660
8661
8533
8534
8662
8663
8535
8407
8406
8278
8279
8280
8408
8409
8281
8282
8283
8411
8410
8538
8539
8667
8666
8665
8537
8536
8664
8792
8793
8921
8920
9048
9176
9177
9049
9050
9178
9179
9051
8923
8922
8794
8795
8796
8797
8925
8924
9052
9180
9181
9053
9054
9182
9183
9055
8927
8926
8798
8799
8671
8543
8542
8670
8669
8668
8540
8541
8413
8412
8284
8285
8286
8414
8415
8287
8288
8289
8417
8416
8544
8672
8673
8545
8546
8674
8675
8547
8419
8418
8290
8291
8292
8420
8421
8293
8294
8295
8423
8422
8550
8551
8679
8678
8677
8549
8548
8676
8804
8932
8933
8805
8806
8807
8935
8934
9062
9063
9191
9190
9189
9061
9060
9188
9187
9186
9058
9059
8931
8803
8802
8930
8929
8801
8800
8928
9056
9057
9185
9184
9312
9440
9441
9313
9314
9315
9443
9442
9570
9571
9699
9698
9697
9569
9568
9696
9824
9825
9953
9952
10080
10208
10209
10081
10082
10210
10211
10083
9955
9954
9826
9827
9828
9829
9957
9956
10084
10212
10213
10085
10086
10214
10215
10087
9959
9958
9830
9831
9703
9575
9574
9702
9701
9700
9572
9573
9445
9444
9316
9317
9318
9446
9447
9319
9320
9448
9449
9321
9322
9323
9451
9450
9578
9579
9707
9706
9705
9577
9576
9704
9832
9833
9961
9960
10088
10216
10217
10089
10090
10218
10219
10091
9963
9962
9834
9835
9836
9837
9965
9964
10092
10220
10221
10093
10094
10222
10223
10095
9967
9966
9838
9839
9711
9583
9582
9710
9709
9708
9580
9581
9453
9452
9324
9325
9326
9454
9455
9327
9199
9198
9070
9071
8943
8815
8814
8942
8941
8813
8812
8940
9068
9069
9197
9196
9195
9067
9066
9194
9193
9192
9064
9065
8937
8936
8808
8809
8810
8938
8939
8811
8683
8555
8554
8682
8681
8680
8552
8553
8425
8424
8296
8297
8298
8426
8427
8299
8300
8301
8429
8428
8556
8684
8685
8557
8558
8686
8687
8559
8431
8430
8302
8303
8304
8432
8433
8305
8306
8307
8435
8434
8562
8563
8691
8690
8689
8561
8560
8688
8816
8817
8945
8944
9072
9200
9201
9073
9074
9202
9203
9075
8947
8946
8818
8819
8820
8821
8949
8948
9076
9204
9205
9077
9078
9206
9207
9079
8951
8950
8822
8823
8695
8567
8566
8694
8693
8692
8564
8565
8437
8436
8308
8309
8310
8438
8439
8311
8312
8313
8441
8440
8568
8696
8697
8569
8570
8698
8699
8571
8443
8442
8314
8315
8316
8444
8445
8317
8318
8319
8447
8446
8574
8575
8703
8702
8701
8573
8572
8700
8828
8956
8957
8829
8830
8831
8959
8958
9086
9087
9215
9214
9213
9085
9084
9212
9211
9210
9082
9083
8955
8827
8826
8954
8953
8825
8824
8952
9080
9081
9209
9208
9336
9337
9465
9464
9592
9720
9721
9593
9594
9722
9723
9595
9467
9466
9338
9339
9340
9468
9469
9341
9342
9343
9471
9470
9598
9599
9727
9726
9725
9597
9596
9724
9852
9980
9981
9853
9854
9855
9983
9982
10110
10111
10239
10238
10237
10109
10108
10236
10235
10234
10106
10107
9979
9851
9850
9978
9977
9849
9848
9976
10104
10105
10233
10232
10231
10103
10102
10230
10229
10228
10100
10101
9973
9972
9844
9845
9846
9974
9975
9847
9719
9718
9590
9591
9463
9335
9334
9462
9461
9333
9332
9460
9588
9589
9717
9716
9715
9714
9586
9587
9459
9331
9330
9458
9457
9329
9328
9456
9584
9585
9713
9712
9840
9968
9969
9841
9842
9843
9971
9970
10098
10099
10227
10226
10225
10097
10096
10224
10352
10480
10481
10353
10354
10355
10483
10482
10610
10611
10739
10738
10737
10609
10608
10736
10864
10865
10993
10992
11120
11248
11249
11121
11122
11250
11251
11123
10995
10994
10866
10867
10868
10869
10997
10996
11124
11252
11253
11125
11126
11254
11255
11127
10999
10998
10870
10871
10743
10615
10614
10742
10741
10740
10612
10613
10485
10484
10356
10357
10358
10486
10487
10359
10360
10361
10489
10488
10616
10744
10745
10617
10618
10746
10747
10619
10491
10490
10362
10363
10364
10492
10493
10365
10366
10367
10495
10494
10622
10623
10751
10750
10749
10621
10620
10748
10876
11004
11005
10877
10878
10879
11007
11006
11134
11135
11263
11262
11261
11133
11132
11260
11259
11258
11130
11131
11003
10875
10874
11002
11001
10873
10872
11000
11128
11129
11257
11256
11384
11385
11513
11512
11640
11768
11769
11641
11642
11770
11771
11643
11515
11514
11386
11387
11388
11516
11517
11389
11390
11391
11519
11518
11646
11647
11775
11774
11773
11645
11644
11772
11900
12028
12029
11901
11902
11903
12031
12030
12158
12159
12287
12286
12285
12157
12156
12284
12283
12282
12154
12155
12027
11899
11898
12026
12025
11897
11896
12024
12152
12153
12281
12280
12279
12151
12150
12278
12277
12276
12148
12149
12021
12020
11892
11893
11894
12022
12023
11895
11767
11766
11638
11639
11511
11383
11382
11510
11509
11381
11380
11508
11636
11637
11765
11764
11763
11762
11634
11635
11507
11379
11378
11506
11505
11377
11376
11504
11632
11633
11761
11760
11888
12016
12017
11889
11890
11891
12019
12018
12146
12147
12275
12274
12273
12145
12144
12272
12271
12270
12142
12143
12015
11887
11886
12014
12013
11885
11884
12012
12140
12141
12269
12268
12267
12139
12138
12266
12265
12264
12136
12137
12009
12008
11880
11881
11882
12010
12011
11883
11755
11627
11626
11754
11753
11752
11624
11625
11497
11496
11368
11369
11370
11498
11499
11371
11372
11373
11501
11500
11628
11756
11757
11629
11630
11758
11759
11631
11503
11502
11374
11375
11247
11119
11118
11246
11245
11244
11116
11117
10989
10988
10860
10861
10862
10990
10991
10863
10735
10734
10606
10607
10479
10351
10350
10478
10477
10349
10348
10476
10604
10605
10733
10732
10731
10730
10602
10603
10475
10347
10346
10474
10473
10345
10344
10472
10600
10601
10729
10728
10856
10984
10985
10857
10858
10859
10987
10986
11114
11115
11243
11242
11241
11113
11112
11240
11239
11111
11110
11238
11237
11236
11108
11109
10981
10980
10852
10853
10854
10982
10983
10855
10727
10726
10598
10599
10471
10343
10342
10470
10469
10341
10340
10468
10596
10597
10725
10724
10723
10722
10594
10595
10467
10339
10338
10466
10465
10337
10336
10464
10592
10593
10721
10720
10848
10976
10977
10849
10850
10851
10979
10978
11106
11107
11235
11234
11233
11105
11104
11232
11360
11361
11489
11488
11616
11744
11745
11617
11618
11746
11747
11619
11491
11490
11362
11363
11364
11492
11493
11365
11366
11367
11495
11494
11622
11623
11751
11750
11749
11621
11620
11748
11876
12004
12005
11877
11878
11879
12007
12006
12134
12135
12263
12262
12261
12133
12132
12260
12259
12258
12130
12131
12003
11875
11874
12002
12001
11873
11872
12000
12128
12129
12257
12256
12384
12385
12513
12512
12640
12768
12769
12641
12642
12770
12771
12643
12515
12514
12386
12387
12388
12516
12517
12389
12390
12391
12519
12518
12646
12647
12775
12774
12773
12645
12644
12772
12900
13028
13029
12901
12902
12903
13031
13030
13158
13159
13287
13286
13285
13157
13156
13284
13283
13282
13154
13155
13027
12899
12898
13026
13025
12897
12896
13024
13152
13153
13281
13280
13408
13536
13537
13409
13410
13411
13539
13538
13666
13667
13795
13794
13793
13665
13664
13792
13920
13921
14049
14048
14176
14304
14305
14177
14178
14306
14307
14179
14051
14050
13922
13923
13924
13925
14053
14052
14180
14308
14309
14181
14182
14310
14311
14183
14055
14054
13926
13927
13799
13671
13670
13798
13797
13796
13668
13669
13541
13540
13412
13413
13414
13542
13543
13415
13416
13544
13545
13417
13418
13419
13547
13546
13674
13675
13803
13802
13801
13673
13672
13800
13928
13929
14057
14056
14184
14312
14313
14185
14186
14314
14315
14187
14059
14058
13930
13931
13932
13933
14061
14060
14188
14316
14317
14189
14190
14318
14319
14191
14063
14062
13934
13935
13807
13679
13678
13806
13805
13804
13676
13677
13549
13548
13420
13421
13422
13550
13551
13423
13295
13294
13166
13167
13039
12911
12910
13038
13037
12909
12908
13036
13164
13165
13293
13292
13291
13163
13162
13290
13289
13288
13160
13161
13033
13032
12904
12905
12906
13034
13035
12907
12779
12651
12650
12778
12777
12776
12648
12649
12521
12520
12392
12393
12394
12522
12523
12395
12396
12397
12525
12524
12652
12780
12781
12653
12654
12782
12783
12655
12527
12526
12398
12399
12400
12528
12529
12401
12402
12403
12531
12530
12658
12659
12787
12786
12785
12657
12656
12784
12912
12913
13041
13040
13168
13296
13297
13169
13170
13298
13299
13171
13043
13042
12914
12915
12916
12917
13045
13044
13172
13300
13301
13173
13174
13302
13303
13175
13047
13046
12918
12919
12791
12663
12662
12790
12789
12788
12660
12661
12533
12532
12404
12405
12406
12534
12535
12407
12408
12409
12537
12536
12664
12792
12793
12665
12666
12794
12795
12667
12539
12538
12410
12411
12412
12540
12541
12413
12414
12415
12543
12542
12670
12671
12799
12798
12797
12669
12668
12796
12924
13052
13053
12925
12926
12927
13055
13054
13182
13183
13311
13310
13309
13181
13180
13308
13307
13306
13178
13179
13051
12923
12922
13050
13049
12921
12920
13048
13176
13177
13305
13304
13432
13433
13561
13560
13688
13816
13817
13689
13690
13818
13819
13691
13563
13562
13434
13435
13436
13564
13565
13437
13438
13439
13567
13566
13694
13695
13823
13822
13821
13693
13692
13820
13948
14076
14077
13949
13950
13951
14079
14078
14206
14207
14335
14334
14333
14205
14204
14332
14331
14330
14202
14203
14075
13947
13946
14074
14073
13945
13944
14072
14200
14201
14329
14328
14327
14199
14198
14326
14325
14324
14196
14197
14069
14068
13940
13941
13942
14070
14071
13943
13815
13814
13686
13687
13559
13431
13430
13558
13557
13429
13428
13556
13684
13685
13813
13812
13811
13810
13682
13683
13555
13427
13426
13554
13553
13425
13424
13552
13680
13681
13809
13808
13936
14064
14065
13937
13938
13939
14067
14066
14194
14195
14323
14322
14321
14193
14192
14320
14448
14576
14577
14449
14450
14451
14579
14578
14706
14707
14835
14834
14833
14705
14704
14832
14960
14961
15089
15088
15216
15344
15345
15217
15218
15346
15347
15219
15091
15090
14962
14963
14964
14965
15093
15092
15220
15348
15349
15221
15222
15350
15351
15223
15095
15094
14966
14967
14839
14711
14710
14838
14837
14836
14708
14709
14581
14580
14452
14453
14454
14582
14583
14455
14456
14457
14585
14584
14712
14840
14841
14713
14714
14842
14843
14715
14587
14586
14458
14459
14460
14588
14589
14461
14462
14463
14591
14590
14718
14719
14847
14846
14845
14717
14716
14844
14972
15100
15101
14973
14974
14975
15103
15102
15230
15231
15359
15358
15357
15229
15228
15356
15355
15354
15226
15227
15099
14971
14970
15098
15097
14969
14968
15096
15224
15225
15353
15352
15480
15481
15609
15608
15736
15864
15865
15737
15738
15866
15867
15739
15611
15610
15482
15483
15484
15612
15613
15485
15486
15487
15615
15614
15742
15743
15871
15870
15869
15741
15740
15868
15996
16124
16125
15997
15998
15999
16127
16126
16254
16255
16383
16382
16381
16253
16252
16380
16379
16378
16250
16251
16123
15995
15994
16122
16121
15993
15992
16120
16248
16249
16377
16376
16375
16247
16246
16374
16373
16372
16244
16245
16117
16116
15988
15989
15990
16118
16119
15991
15863
15862
15734
15735
15607
15479
15478
15606
15605
15477
15476
15604
15732
15733
15861
15860
15859
15858
15730
15731
15603
15475
15474
15602
15601
15473
15472
15600
15728
15729
15857
15856
15984
16112
16113
15985
15986
15987
16115
16114
16242
16243
16371
16370
16369
16241
16240
16368
16367
16366
16238
16239
16111
15983
15982
16110
16109
15981
15980
16108
16236
16237
16365
16364
16363
16235
16234
16362
16361
16360
16232
16233
16105
16104
15976
15977
15978
16106
16107
15979
15851
15723
15722
15850
15849
15848
15720
15721
15593
15592
15464
15465
15466
15594
15595
15467
15468
15469
15597
15596
15724
15852
15853
15725
15726
15854
15855
15727
15599
15598
15470
15471
15343
15215
15214
15342
15341
15340
15212
15213
15085
15084
14956
14957
14958
15086
15087
14959
14831
14830
14702
14703
14575
14447
14446
14574
14573
14445
14444
14572
14700
14701
14829
14828
14827
14826
14698
14699
14571
14443
14442
14570
14569
14441
14440
14568
14696
14697
14825
14824
14952
15080
15081
14953
14954
14955
15083
15082
15210
15211
15339
15338
15337
15209
15208
15336
15335
15207
15206
15334
15333
15332
15204
15205
15077
15076
14948
14949
14950
15078
15079
14951
14823
14822
14694
14695
14567
14439
14438
14566
14565
14437
14436
14564
14692
14693
14821
14820
14819
14818
14690
14691
14563
14435
14434
14562
14561
14433
14432
14560
14688
14689
14817
14816
14944
15072
15073
14945
14946
14947
15075
15074
15202
15203
15331
15330
15329
15201
15200
15328
15456
15457
15585
15584
15712
15840
15841
15713
15714
15842
15843
15715
15587
15586
15458
15459
15460
15588
15589
15461
15462
15463
15591
15590
15718
15719
15847
15846
15845
15717
15716
15844
15972
16100
16101
15973
15974
15975
16103
16102
16230
16231
16359
16358
16357
16229
16228
16356
16355
16354
16226
16227
16099
15971
15970
16098
16097
15969
15968
16096
16224
16225
16353
16352
16351
16223
16222
16350
16349
16348
16220
16221
16093
16092
15964
15965
15966
16094
16095
15967
15839
15838
15710
15711
15583
15455
15454
15582
15581
15453
15452
15580
15708
15709
15837
15836
15835
15834
15706
15707
15579
15451
15450
15578
15577
15449
15448
15576
15704
15705
15833
15832
15960
16088
16089
15961
15962
15963
16091
16090
16218
16219
16347
16346
16345
16217
16216
16344
16343
16342
16214
16215
16087
15959
15958
16086
16085
15957
15956
16084
16212
16213
16341
16340
16339
16211
16210
16338
16337
16336
16208
16209
16081
16080
15952
15953
15954
16082
16083
15955
15827
15699
15698
15826
15825
15824
15696
15697
15569
15568
15440
15441
15442
15570
15571
15443
15444
15445
15573
15572
15700
15828
15829
15701
15702
15830
15831
15703
15575
15574
15446
15447
15319
15318
15190
15191
15063
14935
14934
15062
15061
14933
14932
15060
15188
15189
15317
15316
15315
15187
15186
15314
15313
15312
15184
15185
15057
15056
14928
14929
14930
15058
15059
14931
14803
14675
14674
14802
14801
14800
14672
14673
14545
14544
14416
14417
14418
14546
14547
14419
14420
14421
14549
14548
14676
14804
14805
14677
14678
14806
14807
14679
14551
14550
14422
14423
14424
14552
14553
14425
14426
14427
14555
14554
14682
14683
14811
14810
14809
14681
14680
14808
14936
14937
15065
15064
15192
15320
15321
15193
15194
15322
15323
15195
15067
15066
14938
14939
14940
14941
15069
15068
15196
15324
15325
15197
15198
15326
15327
15199
15071
15070
14942
14943
14815
14687
14686
14814
14813
14812
14684
14685
14557
14556
14428
14429
14430
14558
14559
14431
14303
14302
14174
14175
14047
13919
13918
14046
14045
13917
13916
14044
14172
14173
14301
14300
14299
14171
14170
14298
14297
14296
14168
14169
14041
14040
13912
13913
13914
14042
14043
13915
13787
13659
13658
13786
13785
13784
13656
13657
13529
13528
13400
13401
13402
13530
13531
13403
13404
13405
13533
13532
13660
13788
13789
13661
13662
13790
13791
13663
13535
13534
13406
13407
13279
13151
13150
13278
13277
13276
13148
13149
13021
13020
12892
12893
12894
13022
13023
12895
12767
12766
12638
12639
12511
12383
12382
12510
12509
12381
12380
12508
12636
12637
12765
12764
12763
12762
12634
12635
12507
12379
12378
12506
12505
12377
12376
12504
12632
12633
12761
12760
12888
13016
13017
12889
12890
12891
13019
13018
13146
13147
13275
13274
13273
13145
13144
13272
13271
13143
13142
13270
13269
13268
13140
13141
13013
13012
12884
12885
12886
13014
13015
12887
12759
12758
12630
12631
12503
12375
12374
12502
12501
12373
12372
12500
12628
12629
12757
12756
12755
12754
12626
12627
12499
12371
12370
12498
12497
12369
12368
12496
12624
12625
12753
12752
12880
13008
13009
12881
12882
12883
13011
13010
13138
13139
13267
13266
13265
13137
13136
13264
13392
13393
13521
13520
13648
13776
13777
13649
13650
13778
13779
13651
13523
13522
13394
13395
13396
13524
13525
13397
13398
13399
13527
13526
13654
13655
13783
13782
13781
13653
13652
13780
13908
14036
14037
13909
13910
13911
14039
14038
14166
14167
14295
14294
14293
14165
14164
14292
14291
14290
14162
14163
14035
13907
13906
14034
14033
13905
13904
14032
14160
14161
14289
14288
14287
14286
14158
14159
14031
13903
13902
14030
14029
13901
13900
14028
14156
14157
14285
14284
14283
14155
14154
14282
14281
14280
14152
14153
14025
14024
13896
13897
13898
14026
14027
13899
13771
13643
13642
13770
13769
13768
13640
13641
13513
13512
13384
13385
13386
13514
13515
13387
13388
13389
13517
13516
13644
13772
13773
13645
13646
13774
13775
13647
13519
13518
13390
13391
13263
13135
13134
13262
13261
13260
13132
13133
13005
13004
12876
12877
12878
13006
13007
12879
12751
12750
12622
12623
12495
12367
12366
12494
12493
12365
12364
12492
12620
12621
12749
12748
12747
12746
12618
12619
12491
12363
12362
12490
12489
12361
12360
12488
12616
12617
12745
12744
12872
13000
13001
12873
12874
12875
13003
13002
13130
13131
13259
13258
13257
13129
13128
13256
13255
13127
13126
13254
13253
13252
13124
13125
12997
12996
12868
12869
12870
12998
12999
12871
12743
12742
12614
12615
12487
12359
12358
12486
12485
12357
12356
12484
12612
12613
12741
12740
12739
12738
12610
12611
12483
12355
12354
12482
12481
12353
12352
12480
12608
12609
12737
12736
12864
12992
12993
12865
12866
12867
12995
12994
13122
13123
13251
13250
13249
13121
13120
13248
13376
13377
13505
13504
13632
13760
13761
13633
13634
13762
13763
13635
13507
13506
13378
13379
13380
13508
13509
13381
13382
13383
13511
13510
13638
13639
13767
13766
13765
13637
13636
13764
13892
14020
14021
13893
13894
13895
14023
14022
14150
14151
14279
14278
14277
14149
14148
14276
14275
14274
14146
14147
14019
13891
13890
14018
14017
13889
13888
14016
14144
14145
14273
14272
14400
14528
14529
14401
14402
14403
14531
14530
14658
14659
14787
14786
14785
14657
14656
14784
14912
14913
15041
15040
15168
15296
15297
15169
15170
15298
15299
15171
15043
15042
14914
14915
14916
14917
15045
15044
15172
15300
15301
15173
15174
15302
15303
15175
15047
15046
14918
14919
14791
14663
14662
14790
14789
14788
14660
14661
14533
14532
14404
14405
14406
14534
14535
14407
14408
14409
14537
14536
14664
14792
14793
14665
14666
14794
14795
14667
14539
14538
14410
14411
14412
14540
14541
14413
14414
14415
14543
14542
14670
14671
14799
14798
14797
14669
14668
14796
14924
15052
15053
14925
14926
14927
15055
15054
15182
15183
15311
15310
15309
15181
15180
15308
15307
15306
15178
15179
15051
14923
14922
15050
15049
14921
14920
15048
15176
15177
15305
15304
15432
15433
15561
15560
15688
15816
15817
15689
15690
15818
15819
15691
15563
15562
15434
15435
15436
15564
15565
15437
15438
15439
15567
15566
15694
15695
15823
15822
15821
15693
15692
15820
15948
16076
16077
15949
15950
15951
16079
16078
16206
16207
16335
16334
16333
16205
16204
16332
16331
16330
16202
16203
16075
15947
15946
16074
16073
15945
15944
16072
16200
16201
16329
16328
16327
16199
16198
16326
16325
16324
16196
16197
16069
16068
15940
15941
15942
16070
16071
15943
15815
15814
15686
15687
15559
15431
15430
15558
15557
15429
15428
15556
15684
15685
15813
15812
15811
15810
15682
15683
15555
15427
15426
15554
15553
15425
15424
15552
15680
15681
15809
15808
15936
16064
16065
15937
15938
15939
16067
16066
16194
16195
16323
16322
16321
16193
16192
16320
16319
16318
16190
16191
16063
15935
15934
16062
16061
15933
15932
16060
16188
16189
16317
16316
16315
16187
16186
16314
16313
16312
16184
16185
16057
16056
15928
15929
15930
16058
16059
15931
15803
15675
15674
15802
15801
15800
15672
15673
15545
15544
15416
15417
15418
15546
15547
15419
15420
15421
15549
15548
15676
15804
15805
15677
15678
15806
15807
15679
15551
15550
15422
15423
15295
15167
15166
15294
15293
15292
15164
15165
15037
15036
14908
14909
14910
15038
15039
14911
14783
14782
14654
14655
14527
14399
14398
14526
14525
14397
14396
14524
14652
14653
14781
14780
14779
14778
14650
14651
14523
14395
14394
14522
14521
14393
14392
14520
14648
14649
14777
14776
14904
15032
15033
14905
14906
14907
15035
15034
15162
15163
15291
15290
15289
15161
15160
15288
15287
15159
15158
15286
15285
15284
15156
15157
15029
15028
14900
14901
14902
15030
15031
14903
14775
14774
14646
14647
14519
14391
14390
14518
14517
14389
14388
14516
14644
14645
14773
14772
14771
14770
14642
14643
14515
14387
14386
14514
14513
14385
14384
14512
14640
14641
14769
14768
14896
15024
15025
14897
14898
14899
15027
15026
15154
15155
15283
15282
15281
15153
15152
15280
15408
15409
15537
15536
15664
15792
15793
15665
15666
15794
15795
15667
15539
15538
15410
15411
15412
15540
15541
15413
15414
15415
15543
15542
15670
15671
15799
15798
15797
15669
15668
15796
15924
16052
16053
15925
15926
15927
16055
16054
16182
16183
16311
16310
16309
16181
16180
16308
16307
16306
16178
16179
16051
15923
15922
16050
16049
15921
15920
16048
16176
16177
16305
16304
16303
16175
16174
16302
16301
16300
16172
16173
16045
16044
15916
15917
15918
16046
16047
15919
15791
15790
15662
15663
15535
15407
15406
15534
15533
15405
15404
15532
15660
15661
15789
15788
15787
15786
15658
15659
15531
15403
15402
15530
15529
15401
15400
15528
15656
15657
15785
15784
15912
16040
16041
15913
15914
15915
16043
16042
16170
16171
16299
16298
16297
16169
16168
16296
16295
16294
16166
16167
16039
15911
15910
16038
16037
15909
15908
16036
16164
16165
16293
16292
16291
16163
16162
16290
16289
16288
16160
16161
16033
16032
15904
15905
15906
16034
16035
15907
15779
15651
15650
15778
15777
15776
15648
15649
15521
15520
15392
15393
15394
15522
15523
15395
15396
15397
15525
15524
15652
15780
15781
15653
15654
15782
15783
15655
15527
15526
15398
15399
15271
15270
15142
15143
15015
14887
14886
15014
15013
14885
14884
15012
15140
15141
15269
15268
15267
15139
15138
15266
15265
15264
15136
15137
15009
15008
14880
14881
14882
15010
15011
14883
14755
14627
14626
14754
14753
14752
14624
14625
14497
14496
14368
14369
14370
14498
14499
14371
14372
14373
14501
14500
14628
14756
14757
14629
14630
14758
14759
14631
14503
14502
14374
14375
14376
14504
14505
14377
14378
14379
14507
14506
14634
14635
14763
14762
14761
14633
14632
14760
14888
14889
15017
15016
15144
15272
15273
15145
15146
15274
15275
15147
15019
15018
14890
14891
14892
14893
15021
15020
15148
15276
15277
15149
15150
15278
15279
15151
15023
15022
14894
14895
14767
14639
14638
14766
14765
14764
14636
14637
14509
14508
14380
14381
14382
14510
14511
14383
14255
14127
14126
14254
14253
14252
14124
14125
13997
13996
13868
13869
13870
13998
13999
13871
13743
13742
13614
13615
13487
13359
13358
13486
13485
13357
13356
13484
13612
13613
13741
13740
13739
13738
13610
13611
13483
13355
13354
13482
13481
13353
13352
13480
13608
13609
13737
13736
13864
13992
13993
13865
13866
13867
13995
13994
14122
14123
14251
14250
14249
14121
14120
14248
14247
14246
14118
14119
13991
13863
13862
13990
13989
13861
13860
13988
14116
14117
14245
14244
14243
14115
14114
14242
14241
14240
14112
14113
13985
13984
13856
13857
13858
13986
13987
13859
13731
13603
13602
13730
13729
13728
13600
13601
13473
13472
13344
13345
13346
13474
13475
13347
13348
13349
13477
13476
13604
13732
13733
13605
13606
13734
13735
13607
13479
13478
13350
13351
13223
13222
13094
13095
12967
12839
12838
12966
12965
12837
12836
12964
13092
13093
13221
13220
13219
13091
13090
13218
13217
13216
13088
13089
12961
12960
12832
12833
12834
12962
12963
12835
12707
12579
12578
12706
12705
12704
12576
12577
12449
12448
12320
12321
12322
12450
12451
12323
12324
12325
12453
12452
12580
12708
12709
12581
12582
12710
12711
12583
12455
12454
12326
12327
12328
12456
12457
12329
12330
12331
12459
12458
12586
12587
12715
12714
12713
12585
12584
12712
12840
12841
12969
12968
13096
13224
13225
13097
13098
13226
13227
13099
12971
12970
12842
12843
12844
12845
12973
12972
13100
13228
13229
13101
13102
13230
13231
13103
12975
12974
12846
12847
12719
12591
12590
12718
12717
12716
12588
12589
12461
12460
12332
12333
12334
12462
12463
12335
12336
12337
12465
12464
12592
12720
12721
12593
12594
12722
12723
12595
12467
12466
12338
12339
12340
12468
12469
12341
12342
12343
12471
12470
12598
12599
12727
12726
12725
12597
12596
12724
12852
12980
12981
12853
12854
12855
12983
12982
13110
13111
13239
13238
13237
13109
13108
13236
13235
13234
13106
13107
12979
12851
12850
12978
12977
12849
12848
12976
13104
13105
13233
13232
13360
13488
13489
13361
13362
13363
13491
13490
13618
13619
13747
13746
13745
13617
13616
13744
13872
13873
14001
14000
14128
14256
14257
14129
14130
14258
14259
14131
14003
14002
13874
13875
13876
13877
14005
14004
14132
14260
14261
14133
14134
14262
14263
14135
14007
14006
13878
13879
13751
13623
13622
13750
13749
13748
13620
13621
13493
13492
13364
13365
13366
13494
13495
13367
13368
13496
13497
13369
13370
13371
13499
13498
13626
13627
13755
13754
13753
13625
13624
13752
13880
13881
14009
14008
14136
14264
14265
14137
14138
14266
14267
14139
14011
14010
13882
13883
13884
13885
14013
14012
14140
14268
14269
14141
14142
14270
14271
14143
14015
14014
13886
13887
13759
13631
13630
13758
13757
13756
13628
13629
13501
13500
13372
13373
13374
13502
13503
13375
13247
13246
13118
13119
12991
12863
12862
12990
12989
12861
12860
12988
13116
13117
13245
13244
13243
13115
13114
13242
13241
13240
13112
13113
12985
12984
12856
12857
12858
12986
12987
12859
12731
12603
12602
12730
12729
12728
12600
12601
12473
12472
12344
12345
12346
12474
12475
12347
12348
12349
12477
12476
12604
12732
12733
12605
12606
12734
12735
12607
12479
12478
12350
12351
12223
12095
12094
12222
12221
12220
12092
12093
11965
11964
11836
11837
11838
11966
11967
11839
11711
11710
11582
11583
11455
11327
11326
11454
11453
11325
11324
11452
11580
11581
11709
11708
11707
11706
11578
11579
11451
11323
11322
11450
11449
11321
11320
11448
11576
11577
11705
11704
11832
11960
11961
11833
11834
11835
11963
11962
12090
12091
12219
12218
12217
12089
12088
12216
12215
12214
12086
12087
11959
11831
11830
11958
11957
11829
11828
11956
12084
12085
12213
12212
12211
12083
12082
12210
12209
12208
12080
12081
11953
11952
11824
11825
11826
11954
11955
11827
11699
11571
11570
11698
11697
11696
11568
11569
11441
11440
11312
11313
11314
11442
11443
11315
11316
11317
11445
11444
11572
11700
11701
11573
11574
11702
11703
11575
11447
11446
11318
11319
11191
11190
11062
11063
10935
10807
10806
10934
10933
10805
10804
10932
11060
11061
11189
11188
11187
11059
11058
11186
11185
11184
11056
11057
10929
10928
10800
10801
10802
10930
10931
10803
10675
10547
10546
10674
10673
10672
10544
10545
10417
10416
10288
10289
10290
10418
10419
10291
10292
10293
10421
10420
10548
10676
10677
10549
10550
10678
10679
10551
10423
10422
10294
10295
10296
10424
10425
10297
10298
10299
10427
10426
10554
10555
10683
10682
10681
10553
10552
10680
10808
10809
10937
10936
11064
11192
11193
11065
11066
11194
11195
11067
10939
10938
10810
10811
10812
10813
10941
10940
11068
11196
11197
11069
11070
11198
11199
11071
10943
10942
10814
10815
10687
10559
10558
10686
10685
10684
10556
10557
10429
10428
10300
10301
10302
10430
10431
10303
10175
10174
10046
10047
9919
9791
9790
9918
9917
9789
9788
9916
10044
10045
10173
10172
10171
10043
10042
10170
10169
10168
10040
10041
9913
9912
9784
9785
9786
9914
9915
9787
9659
9531
9530
9658
9657
9656
9528
9529
9401
9400
9272
9273
9274
9402
9403
9275
9276
9277
9405
9404
9532
9660
9661
9533
9534
9662
9663
9535
9407
9406
9278
9279
9151
9023
9022
9150
9149
9148
9020
9021
8893
8892
8764
8765
8766
8894
8895
8767
8639
8638
8510
8511
8383
8255
8254
8382
8381
8253
8252
8380
8508
8509
8637
8636
8635
8634
8506
8507
8379
8251
8250
8378
8377
8249
8248
8376
8504
8505
8633
8632
8760
8888
8889
8761
8762
8763
8891
8890
9018
9019
9147
9146
9145
9017
9016
9144
9143
9015
9014
9142
9141
9140
9012
9013
8885
8884
8756
8757
8758
8886
8887
8759
8631
8630
8502
8503
8375
8247
8246
8374
8373
8245
8244
8372
8500
8501
8629
8628
8627
8626
8498
8499
8371
8243
8242
8370
8369
8241
8240
8368
8496
8497
8625
8624
8752
8880
8881
8753
8754
8755
8883
8882
9010
9011
9139
9138
9137
9009
9008
9136
9264
9265
9393
9392
9520
9648
9649
9521
9522
9650
9651
9523
9395
9394
9266
9267
9268
9396
9397
9269
9270
9271
9399
9398
9526
9527
9655
9654
9653
9525
9524
9652
9780
9908
9909
9781
9782
9783
9911
9910
10038
10039
10167
10166
10165
10037
10036
10164
10163
10162
10034
10035
9907
9779
9778
9906
9905
9777
9776
9904
10032
10033
10161
10160
10159
10158
10030
10031
9903
9775
9774
9902
9901
9773
9772
9900
10028
10029
10157
10156
10155
10027
10026
10154
10153
10152
10024
10025
9897
9896
9768
9769
9770
9898
9899
9771
9643
9515
9514
9642
9641
9640
9512
9513
9385
9384
9256
9257
9258
9386
9387
9259
9260
9261
9389
9388
9516
9644
9645
9517
9518
9646
9647
9519
9391
9390
9262
9263
9135
9007
9006
9134
9133
9132
9004
9005
8877
8876
8748
8749
8750
8878
8879
8751
8623
8622
8494
8495
8367
8239
8238
8366
8365
8237
8236
8364
8492
8493
8621
8620
8619
8618
8490
8491
8363
8235
8234
8362
8361
8233
8232
8360
8488
8489
8617
8616
8744
8872
8873
8745
8746
8747
8875
8874
9002
9003
9131
9130
9129
9001
9000
9128
9127
8999
8998
9126
9125
9124
8996
8997
8869
8868
8740
8741
8742
8870
8871
8743
8615
8614
8486
8487
8359
8231
8230
8358
8357
8229
8228
8356
8484
8485
8613
8612
8611
8610
8482
8483
8355
8227
8226
8354
8353
8225
8224
8352
8480
8481
8609
8608
8736
8864
8865
8737
8738
8739
8867
8866
8994
8995
9123
9122
9121
8993
8992
9120
9248
9249
9377
9376
9504
9632
9633
9505
9506
9634
9635
9507
9379
9378
9250
9251
9252
9380
9381
9253
9254
9255
9383
9382
9510
9511
9639
9638
9637
9509
9508
9636
9764
9892
9893
9765
9766
9767
9895
9894
10022
10023
10151
10150
10149
10021
10020
10148
10147
10146
10018
10019
9891
9763
9762
9890
9889
9761
9760
9888
10016
10017
10145
10144
10272
10400
10401
10273
10274
10275
10403
10402
10530
10531
10659
10658
10657
10529
10528
10656
10784
10785
10913
10912
11040
11168
11169
11041
11042
11170
11171
11043
10915
10914
10786
10787
10788
10789
10917
10916
11044
11172
11173
11045
11046
11174
11175
11047
10919
10918
10790
10791
10663
10535
10534
10662
10661
10660
10532
10533
10405
10404
10276
10277
10278
10406
10407
10279
10280
10281
10409
10408
10536
10664
10665
10537
10538
10666
10667
10539
10411
10410
10282
10283
10284
10412
10413
10285
10286
10287
10415
10414
10542
10543
10671
10670
10669
10541
10540
10668
10796
10924
10925
10797
10798
10799
10927
10926
11054
11055
11183
11182
11181
11053
11052
11180
11179
11178
11050
11051
10923
10795
10794
10922
10921
10793
10792
10920
11048
11049
11177
11176
11304
11305
11433
11432
11560
11688
11689
11561
11562
11690
11691
11563
11435
11434
11306
11307
11308
11436
11437
11309
11310
11311
11439
11438
11566
11567
11695
11694
11693
11565
11564
11692
11820
11948
11949
11821
11822
11823
11951
11950
12078
12079
12207
12206
12205
12077
12076
12204
12203
12202
12074
12075
11947
11819
11818
11946
11945
11817
11816
11944
12072
12073
12201
12200
12199
12071
12070
12198
12197
12196
12068
12069
11941
11940
11812
11813
11814
11942
11943
11815
11687
11686
11558
11559
11431
11303
11302
11430
11429
11301
11300
11428
11556
11557
11685
11684
11683
11682
11554
11555
11427
11299
11298
11426
11425
11297
11296
11424
11552
11553
11681
11680
11808
11936
11937
11809
11810
11811
11939
11938
12066
12067
12195
12194
12193
12065
12064
12192
12191
12063
12062
12190
12189
12188
12060
12061
11933
11932
11804
11805
11806
11934
11935
11807
11679
11678
11550
11551
11423
11295
11294
11422
11421
11293
11292
11420
11548
11549
11677
11676
11675
11674
11546
11547
11419
11291
11290
11418
11417
11289
11288
11416
11544
11545
11673
11672
11800
11928
11929
11801
11802
11803
11931
11930
12058
12059
12187
12186
12185
12057
12056
12184
12183
12182
12054
12055
11927
11799
11798
11926
11925
11797
11796
11924
12052
12053
12181
12180
12179
12051
12050
12178
12177
12176
12048
12049
11921
11920
11792
11793
11794
11922
11923
11795
11667
11539
11538
11666
11665
11664
11536
11537
11409
11408
11280
11281
11282
11410
11411
11283
11284
11285
11413
11412
11540
11668
11669
11541
11542
11670
11671
11543
11415
11414
11286
11287
11159
11158
11030
11031
10903
10775
10774
10902
10901
10773
10772
10900
11028
11029
11157
11156
11155
11027
11026
11154
11153
11152
11024
11025
10897
10896
10768
10769
10770
10898
10899
10771
10643
10515
10514
10642
10641
10640
10512
10513
10385
10384
10256
10257
10258
10386
10387
10259
10260
10261
10389
10388
10516
10644
10645
10517
10518
10646
10647
10519
10391
10390
10262
10263
10264
10392
10393
10265
10266
10267
10395
10394
10522
10523
10651
10650
10649
10521
10520
10648
10776
10777
10905
10904
11032
11160
11161
11033
11034
11162
11163
11035
10907
10906
10778
10779
10780
10781
10909
10908
11036
11164
11165
11037
11038
11166
11167
11039
10911
10910
10782
10783
10655
10527
10526
10654
10653
10652
10524
10525
10397
10396
10268
10269
10270
10398
10399
10271
10143
10142
10014
10015
9887
9759
9758
9886
9885
9757
9756
9884
10012
10013
10141
10140
10139
10011
10010
10138
10137
10136
10008
10009
9881
9880
9752
9753
9754
9882
9883
9755
9627
9499
9498
9626
9625
9624
9496
9497
9369
9368
9240
9241
9242
9370
9371
9243
9244
9245
9373
9372
9500
9628
9629
9501
9502
9630
9631
9503
9375
9374
9246
9247
9119
8991
8990
9118
9117
9116
8988
8989
8861
8860
8732
8733
8734
8862
8863
8735
8607
8606
8478
8479
8351
8223
8222
8350
8349
8221
8220
8348
8476
8477
8605
8604
8603
8602
8474
8475
8347
8219
8218
8346
8345
8217
8216
8344
8472
8473
8601
8600
8728
8856
8857
8729
8730
8731
8859
8858
8986
8987
9115
9114
9113
8985
8984
9112
9111
8983
8982
9110
9109
9108
8980
8981
8853
8852
8724
8725
8726
8854
8855
8727
8599
8598
8470
8471
8343
8215
8214
8342
8341
8213
8212
8340
8468
8469
8597
8596
8595
8594
8466
8467
8339
8211
8210
8338
8337
8209
8208
8336
8464
8465
8593
8592
8720
8848
8849
8721
8722
8723
8851
8850
8978
8979
9107
9106
9105
8977
8976
9104
9232
9233
9361
9360
9488
9616
9617
9489
9490
9618
9619
9491
9363
9362
9234
9235
9236
9364
9365
9237
9238
9239
9367
9366
9494
9495
9623
9622
9621
9493
9492
9620
9748
9876
9877
9749
9750
9751
9879
9878
10006
10007
10135
10134
10133
10005
10004
10132
10131
10130
10002
10003
9875
9747
9746
9874
9873
9745
9744
9872
10000
10001
10129
10128
10127
10126
9998
9999
9871
9743
9742
9870
9869
9741
9740
9868
9996
9997
10125
10124
10123
9995
9994
10122
10121
10120
9992
9993
9865
9864
9736
9737
9738
9866
9867
9739
9611
9483
9482
9610
9609
9608
9480
9481
9353
9352
9224
9225
9226
9354
9355
9227
9228
9229
9357
9356
9484
9612
9613
9485
9486
9614
9615
9487
9359
9358
9230
9231
9103
8975
8974
9102
9101
9100
8972
8973
8845
8844
8716
8717
8718
8846
8847
8719
8591
8590
8462
8463
8335
8207
8206
8334
8333
8205
8204
8332
8460
8461
8589
8588
8587
8586
8458
8459
8331
8203
8202
8330
8329
8201
8200
8328
8456
8457
8585
8584
8712
8840
8841
8713
8714
8715
8843
8842
8970
8971
9099
9098
9097
8969
8968
9096
9095
8967
8966
9094
9093
9092
8964
8965
8837
8836
8708
8709
8710
8838
8839
8711
8583
8582
8454
8455
8327
8199
8198
8326
8325
8197
8196
8324
8452
8453
8581
8580
8579
8578
8450
8451
8323
8195
8194
8322
8321
8193
8192
8320
8448
8449
8577
8576
8704
8832
8833
8705
8706
8707
8835
8834
8962
8963
9091
9090
9089
8961
8960
9088
9216
9217
9345
9344
9472
9600
9601
9473
9474
9602
9603
9475
9347
9346
9218
9219
9220
9348
9349
9221
9222
9223
9351
9350
9478
9479
9607
9606
9605
9477
9476
9604
9732
9860
9861
9733
9734
9735
9863
9862
9990
9991
10119
10118
10117
9989
9988
10116
10115
10114
9986
9987
9859
9731
9730
9858
9857
9729
9728
9856
9984
9985
10113
10112
10240
10368
10369
10241
10242
10243
10371
10370
10498
10499
10627
10626
10625
10497
10496
10624
10752
10753
10881
10880
11008
11136
11137
11009
11010
11138
11139
11011
10883
10882
10754
10755
10756
10757
10885
10884
11012
11140
11141
11013
11014
11142
11143
11015
10887
10886
10758
10759
10631
10503
10502
10630
10629
10628
10500
10501
10373
10372
10244
10245
10246
10374
10375
10247
10248
10249
10377
10376
10504
10632
10633
10505
10506
10634
10635
10507
10379
10378
10250
10251
10252
10380
10381
10253
10254
10255
10383
10382
10510
10511
10639
10638
10637
10509
10508
10636
10764
10892
10893
10765
10766
10767
10895
10894
11022
11023
11151
11150
11149
11021
11020
11148
11147
11146
11018
11019
10891
10763
10762
10890
10889
10761
10760
10888
11016
11017
11145
11144
11272
11273
11401
11400
11528
11656
11657
11529
11530
11658
11659
11531
11403
11402
11274
11275
11276
11404
11405
11277
11278
11279
11407
11406
11534
11535
11663
11662
11661
11533
11532
11660
11788
11916
11917
11789
11790
11791
11919
11918
12046
12047
12175
12174
12173
12045
12044
12172
12171
12170
12042
12043
11915
11787
11786
11914
11913
11785
11784
11912
12040
12041
12169
12168
12167
12039
12038
12166
12165
12164
12036
12037
11909
11908
11780
11781
11782
11910
11911
11783
11655
11654
11526
11527
11399
11271
11270
11398
11397
11269
11268
11396
11524
11525
11653
11652
11651
11650
11522
11523
11395
11267
11266
11394
11393
11265
11264
11392
11520
11521
11649
11648
11776
11904
11905
11777
11778
11779
11907
11906
12034
12035
12163
12162
12161
12033
12032
12160
12288
12289
12417
12416
12544
12672
12673
12545
12546
12674
12675
12547
12419
12418
12290
12291
12292
12420
12421
12293
12294
12295
12423
12422
12550
12551
12679
12678
12677
12549
12548
12676
12804
12932
12933
12805
12806
12807
12935
12934
13062
13063
13191
13190
13189
13061
13060
13188
13187
13186
13058
13059
12931
12803
12802
12930
12929
12801
12800
12928
13056
13057
13185
13184
13312
13440
13441
13313
13314
13315
13443
13442
13570
13571
13699
13698
13697
13569
13568
13696
13824
13825
13953
13952
14080
14208
14209
14081
14082
14210
14211
14083
13955
13954
13826
13827
13828
13829
13957
13956
14084
14212
14213
14085
14086
14214
14215
14087
13959
13958
13830
13831
13703
13575
13574
13702
13701
13700
13572
13573
13445
13444
13316
13317
13318
13446
13447
13319
13320
13448
13449
13321
13322
13323
13451
13450
13578
13579
13707
13706
13705
13577
13576
13704
13832
13833
13961
13960
14088
14216
14217
14089
14090
14218
14219
14091
13963
13962
13834
13835
13836
13837
13965
13964
14092
14220
14221
14093
14094
14222
14223
14095
13967
13966
13838
13839
13711
13583
13582
13710
13709
13708
13580
13581
13453
13452
13324
13325
13326
13454
13455
13327
13199
13198
13070
13071
12943
12815
12814
12942
12941
12813
12812
12940
13068
13069
13197
13196
13195
13067
13066
13194
13193
13192
13064
13065
12937
12936
12808
12809
12810
12938
12939
12811
12683
12555
12554
12682
12681
12680
12552
12553
12425
12424
12296
12297
12298
12426
12427
12299
12300
12301
12429
12428
12556
12684
12685
12557
12558
12686
12687
12559
12431
12430
12302
12303
12304
12432
12433
12305
12306
12307
12435
12434
12562
12563
12691
12690
12689
12561
12560
12688
12816
12817
12945
12944
13072
13200
13201
13073
13074
13202
13203
13075
12947
12946
12818
12819
12820
12821
12949
12948
13076
13204
13205
13077
13078
13206
13207
13079
12951
12950
12822
12823
12695
12567
12566
12694
12693
12692
12564
12565
12437
12436
12308
12309
12310
12438
12439
12311
12312
12313
12441
12440
12568
12696
12697
12569
12570
12698
12699
12571
12443
12442
12314
12315
12316
12444
12445
12317
12318
12319
12447
12446
12574
12575
12703
12702
12701
12573
12572
12700
12828
12956
12957
12829
12830
12831
12959
12958
13086
13087
13215
13214
13213
13085
13084
13212
13211
13210
13082
13083
12955
12827
12826
12954
12953
12825
12824
12952
13080
13081
13209
13208
13336
13337
13465
13464
13592
13720
13721
13593
13594
13722
13723
13595
13467
13466
13338
13339
13340
13468
13469
13341
13342
13343
13471
13470
13598
13599
13727
13726
13725
13597
13596
13724
13852
13980
13981
13853
13854
13855
13983
13982
14110
14111
14239
14238
14237
14109
14108
14236
14235
14234
14106
14107
13979
13851
13850
13978
13977
13849
13848
13976
14104
14105
14233
14232
14231
14103
14102
14230
14229
14228
14100
14101
13973
13972
13844
13845
13846
13974
13975
13847
13719
13718
13590
13591
13463
13335
13334
13462
13461
13333
13332
13460
13588
13589
13717
13716
13715
13714
13586
13587
13459
13331
13330
13458
13457
13329
13328
13456
13584
13585
13713
13712
13840
13968
13969
13841
13842
13843
13971
13970
14098
14099
14227
14226
14225
14097
14096
14224
14352
14480
14481
14353
14354
14355
14483
14482
14610
14611
14739
14738
14737
14609
14608
14736
14864
14865
14993
14992
15120
15248
15249
15121
15122
15250
15251
15123
14995
14994
14866
14867
14868
14869
14997
14996
15124
15252
15253
15125
15126
15254
15255
15127
14999
14998
14870
14871
14743
14615
14614
14742
14741
14740
14612
14613
14485
14484
14356
14357
14358
14486
14487
14359
14360
14361
14489
14488
14616
14744
14745
14617
14618
14746
14747
14619
14491
14490
14362
14363
14364
14492
14493
14365
14366
14367
14495
14494
14622
14623
14751
14750
14749
14621
14620
14748
14876
15004
15005
14877
14878
14879
15007
15006
15134
15135
15263
15262
15261
15133
15132
15260
15259
15258
15130
15131
15003
14875
14874
15002
15001
14873
14872
15000
15128
15129
15257
15256
15384
15385
15513
15512
15640
15768
15769
15641
15642
15770
15771
15643
15515
15514
15386
15387
15388
15516
15517
15389
15390
15391
15519
15518
15646
15647
15775
15774
15773
15645
15644
15772
15900
16028
16029
15901
15902
15903
16031
16030
16158
16159
16287
16286
16285
16157
16156
16284
16283
16282
16154
16155
16027
15899
15898
16026
16025
15897
15896
16024
16152
16153
16281
16280
16279
16151
16150
16278
16277
16276
16148
16149
16021
16020
15892
15893
15894
16022
16023
15895
15767
15766
15638
15639
15511
15383
15382
15510
15509
15381
15380
15508
15636
15637
15765
15764
15763
15762
15634
15635
15507
15379
15378
15506
15505
15377
15376
15504
15632
15633
15761
15760
15888
16016
16017
15889
15890
15891
16019
16018
16146
16147
16275
16274
16273
16145
16144
16272
16271
16270
16142
16143
16015
15887
15886
16014
16013
15885
15884
16012
16140
16141
16269
16268
16267
16139
16138
16266
16265
16264
16136
16137
16009
16008
15880
15881
15882
16010
16011
15883
15755
15627
15626
15754
15753
15752
15624
15625
15497
15496
15368
15369
15370
15498
15499
15371
15372
15373
15501
15500
15628
15756
15757
15629
15630
15758
15759
15631
15503
15502
15374
15375
15247
15119
15118
15246
15245
15244
15116
15117
14989
14988
14860
14861
14862
14990
14991
14863
14735
14734
14606
14607
14479
14351
14350
14478
14477
14349
14348
14476
14604
14605
14733
14732
14731
14730
14602
14603
14475
14347
14346
14474
14473
14345
14344
14472
14600
14601
14729
14728
14856
14984
14985
14857
14858
14859
14987
14986
15114
15115
15243
15242
15241
15113
15112
15240
15239
15111
15110
15238
15237
15236
15108
15109
14981
14980
14852
14853
14854
14982
14983
14855
14727
14726
14598
14599
14471
14343
14342
14470
14469
14341
14340
14468
14596
14597
14725
14724
14723
14722
14594
14595
14467
14339
14338
14466
14465
14337
14336
14464
14592
14593
14721
14720
14848
14976
14977
14849
14850
14851
14979
14978
15106
15107
15235
15234
15233
15105
15104
15232
15360
15361
15489
15488
15616
15744
15745
15617
15618
15746
15747
15619
15491
15490
15362
15363
15364
15492
15493
15365
15366
15367
15495
15494
15622
15623
15751
15750
15749
15621
15620
15748
15876
16004
16005
15877
15878
15879
16007
16006
16134
16135
16263
16262
16261
16133
16132
16260
16259
16258
16130
16131
16003
15875
15874
16002
16001
15873
15872
16000
16128
16129
16257
16256
