0
1
33
32
64
96
97
65
66
98
99
67
35
34
2
3
4
36
37
5
6
7
39
38
70
71
103
102
101
69
68
100
132
164
165
133
134
135
167
166
198
199
231
230
229
197
196
228
227
226
194
195
163
131
130
162
161
129
128
160
192
193
225
224
256
288
289
257
258
259
291
290
322
323
355
354
353
321
320
352
384
385
417
416
448
480
481
449
450
482
483
451
419
418
386
387
388
389
421
420
452
484
485
453
454
486
487
455
423
422
390
391
359
327
326
358
357
356
324
325
293
292
260
261
262
294
295
263
264
296
297
265
266
267
299
298
330
331
363
362
361
329
328
360
392
393
425
424
456
488
489
457
458
490
491
459
427
426
394
395
396
397
429
428
460
492
493
461
462
494
495
463
431
430
398
399
367
335
334
366
365
364
332
333
301
300
268
269
270
302
303
271
239
238
206
207
175
143
142
174
173
141
140
172
204
205
237
236
235
203
202
234
233
232
200
201
169
168
136
137
138
170
171
139
107
75
74
106
105
104
72
73
41
40
8
9
10
42
43
11
12
13
45
44
76
108
109
77
78
110
111
79
47
46
14
15
16
48
49
17
18
19
51
50
82
83
115
114
113
81
80
112
144
145
177
176
208
240
241
209
210
242
243
211
179
178
146
147
148
149
181
180
212
244
245
213
214
246
247
215
183
182
150
151
119
87
86
118
117
116
84
85
53
52
20
21
22
54
55
23
24
25
57
56
88
120
121
89
90
122
123
91
59
58
26
27
28
60
61
29
30
31
63
62
94
95
127
126
125
93
92
124
156
188
189
157
158
159
191
190
222
223
255
254
253
221
220
252
251
250
218
219
187
155
154
186
185
153
152
184
216
217
249
248
280
281
313
312
344
376
377
345
346
378
379
347
315
314
282
283
284
316
317
285
286
287
319
318
350
351
383
382
381
349
348
380
412
444
445
413
414
415
447
446
478
479
511
510
509
477
476
508
507
506
474
475
443
411
410
442
441
409
408
440
472
473
505
504
503
471
470
502
501
500
468
469
437
436
404
405
406
438
439
407
375
374
342
343
311
279
278
310
309
277
276
308
340
341
373
372
371
370
338
339
307
275
274
306
305
273
272
304
336
337
369
368
400
432
433
401
402
403
435
434
466
467
499
498
497
465
464
496
528
560
561
529
530
531
563
562
594
595
627
626
625
593
592
624
656
657
689
688
720
752
753
721
722
754
755
723
691
690
658
659
660
661
693
692
724
756
757
725
726
758
759
727
695
694
662
663
631
599
598
630
629
628
596
597
565
564
532
533
534
566
567
535
536
537
569
568
600
632
633
601
602
634
635
603
571
570
538
539
540
572
573
541
542
543
575
574
606
607
639
638
637
605
604
636
668
700
701
669
670
671
703
702
734
735
767
766
765
733
732
764
763
762
730
731
699
667
666
698
697
665
664
696
728
729
761
760
792
793
825
824
856
888
889
857
858
890
891
859
827
826
794
795
796
828
829
797
798
799
831
830
862
863
895
894
893
861
860
892
924
956
957
925
926
927
959
958
990
991
1023
1022
1021
989
988
1020
1019
1018
986
987
955
923
922
954
953
921
920
952
984
985
1017
1016
1015
983
982
1014
1013
1012
980
981
949
948
916
917
918
950
951
919
887
886
854
855
823
791
790
822
821
789
788
820
852
853
885
884
883
882
850
851
819
787
786
818
817
785
784
816
848
849
881
880
912
944
945
913
914
915
947
946
978
979
1011
1010
1009
977
976
1008
1007
1006
974
975
943
911
910
942
941
909
908
940
972
973
1005
1004
1003
971
970
1002
1001
1000
968
969
937
936
904
905
906
938
939
907
875
843
842
874
873
872
840
841
809
808
776
777
778
810
811
779
780
781
813
812
844
876
877
845
846
878
879
847
815
814
782
783
751
719
718
750
749
748
716
717
685
684
652
653
654
686
687
655
623
622
590
591
559
527
526
558
557
525
524
556
588
589
621
620
619
618
586
587
555
523
522
554
553
521
520
552
584
585
617
616
648
680
681
649
650
651
683
682
714
715
747
746
745
713
712
744
743
711
710
742
741
740
708
709
677
676
644
645
646
678
679
647
615
614
582
583
551
519
518
550
549
517
516
548
580
581
613
612
611
610
578
579
547
515
514
546
545
513
512
544
576
577
609
608
640
672
673
641
642
643
675
674
706
707
739
738
737
705
704
736
768
769
801
800
832
864
865
833
834
866
867
835
803
802
770
771
772
804
805
773
774
775
807
806
838
839
871
870
869
837
836
868
900
932
933
901
902
903
935
934
966
967
999
998
997
965
964
996
995
994
962
963
931
899
898
930
929
897
896
928
960
961
993
992

